3 0.12890625 0.146875 0.246875 0.2234375
3 0.37578125 0.14453125 0.24375 0.21875
3 0.62265625 0.14296875 0.2453125 0.2203125
3 0.86953125 0.1453125 0.24375 0.2234375
3 0.128125 0.39296875 0.2484375 0.2171875
3 0.3765625 0.39375 0.24375 0.2234375
3 0.621875 0.39296875 0.2421875 0.2203125
3 0.86875 0.38984375 0.246875 0.2171875
3 0.128125 0.63515625 0.2484375 0.215625
3 0.37734375 0.6375 0.246875 0.2203125
3 0.62265625 0.63828125 0.24375 0.2203125
3 0.86953125 0.6375 0.2453125 0.21875
3 0.86796875 0.8796875 0.24375 0.215625
3 0.61953125 0.87734375 0.2421875 0.2140625
3 0.37421875 0.87734375 0.24375 0.221875
3 0.12734375 0.878125 0.2453125 0.2171875