3 0.140625 0.14453125 0.2390625 0.2171875
3 0.38046875 0.1421875 0.2359375 0.2125
3 0.62109375 0.140625 0.2375 0.2140625
3 0.8609375 0.14296875 0.2359375 0.2171875
3 0.13984375 0.38359375 0.240625 0.2109375
3 0.38125 0.384375 0.2375 0.2171875
3 0.6203125 0.38359375 0.2359375 0.2140625
3 0.86015625 0.38046875 0.2390625 0.2109375
3 0.13984375 0.61875 0.240625 0.209375
3 0.38203125 0.62109375 0.2390625 0.2140625
3 0.62109375 0.621875 0.2359375 0.2140625
3 0.8609375 0.62109375 0.2375 0.2125
3 0.859375 0.85625 0.2359375 0.209375
3 0.61796875 0.85390625 0.234375 0.2078125
3 0.3796875 0.85390625 0.2359375 0.215625
3 0.1390625 0.8546875 0.2375 0.2109375