1 0.3729166666666667 0.9145833333333333 0.10208333333333333 0.1625
1 0.45 0.8864583333333333 0.09375 0.134375
1 0.5270833333333333 0.8635416666666667 0.103125 0.128125
1 0.5989583333333334 0.85 0.11875 0.13020833333333334
1 0.6989583333333333 0.9333333333333333 0.146875 0.11458333333333333
1 0.7760416666666666 0.7958333333333333 0.11145833333333334 0.08854166666666667
1 0.840625 0.8885416666666667 0.146875 0.10625
1 0.7583333333333333 0.90625 0.15520833333333334 0.15208333333333332
1 0.603125 0.9458333333333333 0.13125 0.10416666666666667
1 0.9739583333333334 0.9020833333333333 0.04791666666666667 0.07916666666666666
1 0.890625 0.871875 0.128125 0.09479166666666666
1 0.515625 0.94375 0.125 0.10833333333333334
1 0.95 0.790625 0.096875 0.08125
1 0.5208333333333334 0.790625 0.95625 0.41458333333333336