2 0.321875 0.6854166666666667 0.64375 0.6020833333333333
2 0.30833333333333335 0.5572916666666666 0.29375 0.29791666666666666
2 0.3541666666666667 0.4083333333333333 0.134375 0.1125
2 0.9520833333333333 0.41458333333333336 0.09166666666666666 0.11666666666666667
2 0.740625 0.38958333333333334 0.08958333333333333 0.07604166666666666
2 0.3125 0.6541666666666667 0.2760416666666667 0.37604166666666666
2 0.853125 0.41354166666666664 0.096875 0.07395833333333333
2 0.325 0.44583333333333336 0.14479166666666668 0.10833333333333334
2 0.8072916666666666 0.39166666666666666 0.10833333333333334 0.1
2 0.9166666666666666 0.415625 0.13125 0.08541666666666667
2 0.284375 0.46979166666666666 0.18958333333333333 0.209375