1 0.48333333333333334 0.6989583333333333 0.10208333333333333 0.05520833333333333
1 0.46770833333333334 0.58125 0.053125 0.026041666666666668
1 0.64375 0.8166666666666667 0.18333333333333332 0.06041666666666667
1 0.5427083333333333 0.6322916666666667 0.06979166666666667 0.036458333333333336
1 0.7541666666666667 0.6510416666666666 0.08333333333333333 0.04375
1 0.8354166666666667 0.8552083333333333 0.0875 0.027083333333333334
0 0.7364583333333333 0.7854166666666667 0.13645833333333332 0.0875
0 0.39791666666666664 0.7875 0.3375 0.11875
1 0.6885416666666667 0.678125 0.07708333333333334 0.029166666666666667
1 0.5479166666666667 0.5958333333333333 0.04791666666666667 0.014583333333333334
1 0.05520833333333333 0.39895833333333336 0.008333333333333333 0.00625
0 0.25104166666666666 0.875 0.16458333333333333 0.07083333333333333
3 0.7416666666666667 0.5729166666666666 0.06770833333333333 0.058333333333333334
3 0.7375 0.7833333333333333 0.13854166666666667 0.08333333333333333
3 0.7458333333333333 0.59375 0.04895833333333333 0.03333333333333333
3 0.809375 0.5916666666666667 0.06770833333333333 0.051041666666666666
3 0.13958333333333334 0.5770833333333333 0.030208333333333334 0.015625
1 0.2635416666666667 0.246875 0.01875 0.0125
0 0.5864583333333333 0.9354166666666667 0.253125 0.12708333333333333
0 0.14479166666666668 0.790625 0.184375 0.06666666666666667
0 0.8979166666666667 0.7770833333333333 0.2 0.084375
1 0.04479166666666667 0.4114583333333333 0.01875 0.008333333333333333
3 0.5510416666666667 0.5552083333333333 0.04791666666666667 0.025
1 0.728125 0.86875 0.15520833333333334 0.065625
3 0.840625 0.6385416666666667 0.065625 0.03333333333333333
3 0.03958333333333333 0.8770833333333333 0.07916666666666666 0.041666666666666664
3 0.428125 0.9 0.3 0.11458333333333333
1 0.49895833333333334 0.38333333333333336 0.9979166666666667 0.5833333333333334