1 0.21666666666666667 0.9427083333333334 0.065625 0.07708333333333334
1 0.26458333333333334 0.9239583333333333 0.04375 0.05416666666666667
1 0.5229166666666667 0.94375 0.075 0.103125
1 0.4895833333333333 0.8708333333333333 0.028125 0.03333333333333333
1 0.16875 0.9427083333333334 0.04479166666666667 0.06354166666666666
1 0.79375 0.7625 0.4083333333333333 0.46979166666666666
1 0.3 0.878125 0.030208333333333334 0.035416666666666666
1 0.2791666666666667 0.8895833333333333 0.04583333333333333 0.035416666666666666
1 0.40208333333333335 0.8916666666666667 0.05520833333333333 0.030208333333333334
1 0.5114583333333333 0.9041666666666667 0.05625 0.041666666666666664
3 0.38958333333333334 0.8447916666666667 0.025 0.03333333333333333
3 0.21666666666666667 0.9427083333333334 0.065625 0.078125
1 0.14166666666666666 0.921875 0.030208333333333334 0.020833333333333332
3 0.38333333333333336 0.9489583333333333 0.09791666666666667 0.09895833333333333