3 0.39375 0.53125 0.446875 0.24791666666666667
3 0.8552083333333333 0.28125 0.09791666666666667 0.12604166666666666
1 0.21770833333333334 0.8229166666666666 0.22604166666666667 0.15729166666666666
1 0.21145833333333333 0.9364583333333333 0.26666666666666666 0.12604166666666666
1 0.4114583333333333 0.8864583333333333 0.19791666666666666 0.18645833333333334
1 0.5135416666666667 0.9645833333333333 0.19166666666666668 0.065625
1 0.6572916666666667 0.8927083333333333 0.19583333333333333 0.20416666666666666
1 0.071875 0.8270833333333333 0.14375 0.17708333333333334
1 0.04583333333333333 0.9552083333333333 0.09166666666666666 0.08541666666666667
1 0.6270833333333333 0.515625 0.07395833333333333 0.08125
1 0.71875 0.46145833333333336 0.08020833333333334 0.07291666666666667
1 0.8083333333333333 0.4510416666666667 0.096875 0.10416666666666667
1 0.7041666666666667 0.41770833333333335 0.07291666666666667 0.06770833333333333
1 0.609375 0.41041666666666665 0.08333333333333333 0.08125
1 0.7666666666666667 0.42916666666666664 0.0375 0.05520833333333333
3 0.8979166666666667 0.890625 0.2 0.21458333333333332
1 0.5489583333333333 0.425 0.8979166666666667 0.3385416666666667