1 0.6052083333333333 0.7677083333333333 0.078125 0.06875
2 0.5697916666666667 0.8625 0.0125 0.058333333333333334
2 0.47291666666666665 0.8239583333333333 0.01875 0.04895833333333333
2 0.384375 0.6958333333333333 0.01875 0.034375
1 0.859375 0.7625 0.075 0.090625
1 0.534375 0.771875 0.058333333333333334 0.03854166666666667
1 0.5416666666666666 0.7104166666666667 0.05625 0.06145833333333333
1 0.478125 0.725 0.07083333333333333 0.08229166666666667
1 0.42604166666666665 0.6833333333333333 0.04895833333333333 0.059375
1 0.4708333333333333 0.6510416666666666 0.04895833333333333 0.057291666666666664
1 0.4114583333333333 0.596875 0.035416666666666666 0.04895833333333333
1 0.3625 0.5854166666666667 0.036458333333333336 0.03958333333333333
1 0.34479166666666666 0.56875 0.023958333333333335 0.029166666666666667
1 0.6802083333333333 0.8447916666666667 0.12708333333333333 0.11458333333333333
1 0.928125 0.8052083333333333 0.10520833333333333 0.090625
1 0.853125 0.809375 0.04479166666666667 0.040625
1 0.659375 0.6895833333333333 0.678125 0.396875