2 0.09166666666666666 0.7520833333333333 0.18333333333333332 0.4739583333333333
2 0.9489583333333333 0.4197916666666667 0.04479166666666667 0.121875
2 0.2635416666666667 0.5645833333333333 0.196875 0.28958333333333336
2 0.2677083333333333 0.3927083333333333 0.134375 0.115625
2 0.171875 0.7447916666666666 0.128125 0.4
2 0.13020833333333334 0.4895833333333333 0.16354166666666667 0.14583333333333334
2 0.15625 0.4114583333333333 0.10416666666666667 0.10208333333333333
2 0.39895833333333336 0.39791666666666664 0.059375 0.06979166666666667
2 0.4239583333333333 0.35 0.05625 0.09895833333333333
2 0.8395833333333333 0.34791666666666665 0.025 0.06354166666666666
2 0.5614583333333333 0.38333333333333336 0.15 0.06770833333333333
2 0.7927083333333333 0.353125 0.03229166666666667 0.08229166666666667
2 0.35208333333333336 0.4166666666666667 0.103125 0.125
2 0.471875 0.39375 0.94375 0.29583333333333334