1 0.05416666666666667 0.621875 0.10729166666666666 0.18958333333333333
1 0.12291666666666666 0.54375 0.03125 0.036458333333333336
1 0.08541666666666667 0.5479166666666667 0.06145833333333333 0.059375
1 0.3541666666666667 0.5239583333333333 0.04895833333333333 0.036458333333333336
1 0.48541666666666666 0.525 0.019791666666666666 0.034375
1 0.4552083333333333 0.5166666666666667 0.041666666666666664 0.03958333333333333
1 0.978125 0.509375 0.040625 0.04895833333333333
2 0.4166666666666667 0.8239583333333333 0.509375 0.34375
2 0.4 0.7010416666666667 0.3104166666666667 0.21458333333333332
1 0.11458333333333333 0.5197916666666667 0.04895833333333333 0.015625
3 0.17604166666666668 0.5385416666666667 0.08020833333333334 0.090625
1 0.38645833333333335 0.525 0.028125 0.0375
2 0.3125 0.5875 0.13854166666666667 0.109375
2 0.653125 0.9197916666666667 0.41875 0.13020833333333334
2 0.5364583333333334 0.7145833333333333 0.18854166666666666 0.13541666666666666
2 0.359375 0.6375 0.21979166666666666 0.1875
2 0.7166666666666667 0.878125 0.17708333333333334 0.14583333333333334
2 0.41354166666666664 0.6302083333333334 0.165625 0.10520833333333333