1 0.7458333333333333 0.6822916666666666 0.09895833333333333 0.11041666666666666
1 0.59375 0.56875 0.06770833333333333 0.053125
1 0.5635416666666667 0.546875 0.04479166666666667 0.05
1 0.76875 0.521875 0.04479166666666667 0.03229166666666667
1 0.7666666666666667 0.5104166666666666 0.0375 0.021875
1 0.37604166666666666 0.8479166666666667 0.24479166666666666 0.228125
1 0.9229166666666667 0.5270833333333333 0.046875 0.03125
1 0.8864583333333333 0.515625 0.022916666666666665 0.03125
1 0.3385416666666667 0.496875 0.027083333333333334 0.04895833333333333
1 0.8729166666666667 0.5072916666666667 0.020833333333333332 0.025
3 0.7510416666666667 0.48541666666666666 0.03229166666666667 0.023958333333333335
3 0.59375 0.56875 0.06979166666666667 0.052083333333333336
3 0.39166666666666666 0.46145833333333336 0.022916666666666665 0.04375
3 0.37395833333333334 0.8427083333333333 0.24166666666666667 0.2604166666666667