1 0.7395833333333334 0.734375 0.05625 0.06666666666666667
3 0.8958333333333334 0.7385416666666667 0.17916666666666667 0.13125
3 0.628125 0.7447916666666666 0.1125 0.07916666666666666
1 0.778125 0.759375 0.07083333333333333 0.052083333333333336
3 0.32708333333333334 0.75 0.15625 0.11041666666666666
1 0.43645833333333334 0.765625 0.04479166666666667 0.04479166666666667
1 0.7989583333333333 0.7 0.046875 0.041666666666666664
1 0.023958333333333335 0.790625 0.041666666666666664 0.04895833333333333
1 0.48333333333333334 0.7395833333333334 0.08645833333333333 0.034375
1 0.5541666666666667 0.7354166666666667 0.019791666666666666 0.025
1 0.6427083333333333 0.6989583333333333 0.021875 0.017708333333333333