0 0.24375 0.44895833333333335 0.44375 0.23854166666666668
0 0.6739583333333333 0.43645833333333334 0.5 0.265625
1 0.021875 0.3145833333333333 0.034375 0.027083333333333334
1 0.04583333333333333 0.31875 0.03333333333333333 0.025
1 0.09479166666666666 0.31979166666666664 0.028125 0.025
1 0.11979166666666667 0.33229166666666665 0.027083333333333334 0.013541666666666667
1 0.31875 0.32395833333333335 0.03333333333333333 0.0125
1 0.3104166666666667 0.31145833333333334 0.03229166666666667 0.021875
1 0.4125 0.3260416666666667 0.029166666666666667 0.017708333333333333
1 0.3875 0.303125 0.03229166666666667 0.026041666666666668
1 0.4427083333333333 0.3072916666666667 0.023958333333333335 0.016666666666666666
1 0.8791666666666667 0.34375 0.041666666666666664 0.03125
1 0.890625 0.33229166666666665 0.021875 0.017708333333333333
1 0.9635416666666666 0.3333333333333333 0.04895833333333333 0.029166666666666667
1 0.9208333333333333 0.328125 0.04895833333333333 0.022916666666666665
1 0.1375 0.30416666666666664 0.146875 0.07083333333333333