1 0.24479166666666666 0.48125 0.0375 0.016666666666666666
1 0.3625 0.4822916666666667 0.036458333333333336 0.013541666666666667
1 0.46979166666666666 0.4822916666666667 0.034375 0.013541666666666667
1 0.2760416666666667 0.4791666666666667 0.01875 0.015625
1 0.18645833333333334 0.48020833333333335 0.057291666666666664 0.019791666666666666
1 0.28958333333333336 0.48125 0.015625 0.011458333333333333
1 0.434375 0.48020833333333335 0.035416666666666666 0.022916666666666665
1 0.40208333333333335 0.48020833333333335 0.035416666666666666 0.013541666666666667
1 0.7541666666666667 0.48020833333333335 0.03854166666666667 0.013541666666666667
1 0.515625 0.4791666666666667 0.03229166666666667 0.01875
1 0.559375 0.478125 0.020833333333333332 0.020833333333333332
1 0.30416666666666664 0.48125 0.011458333333333333 0.011458333333333333
0 0.3375 0.4635416666666667 0.07604166666666666 0.023958333333333335
1 0.33125 0.4822916666666667 0.010416666666666666 0.0125
1 0.48020833333333335 0.48125 0.7479166666666667 0.03333333333333333