1 0.509375 0.50625 0.04375 0.078125
1 0.5270833333333333 0.46458333333333335 0.03333333333333333 0.036458333333333336
1 0.45625 0.48125 0.04583333333333333 0.08645833333333333
2 0.6177083333333333 0.4947916666666667 0.026041666666666668 0.071875
1 0.94375 0.5010416666666667 0.06979166666666667 0.0875
1 0.9010416666666666 0.4895833333333333 0.08229166666666667 0.08645833333333333
1 0.7958333333333333 0.49583333333333335 0.019791666666666666 0.04583333333333333
1 0.6979166666666666 0.475 0.03854166666666667 0.04791666666666667
1 0.6760416666666667 0.47604166666666664 0.026041666666666668 0.04791666666666667
1 0.6583333333333333 0.47291666666666665 0.027083333333333334 0.042708333333333334
1 0.646875 0.465625 0.04375 0.06354166666666666