1 0.2989583333333333 0.4947916666666667 0.521875 0.29270833333333335
1 0.54375 0.375 0.1 0.046875
1 0.83125 0.3458333333333333 0.11770833333333333 0.03854166666666667
1 0.47291666666666665 0.35625 0.12395833333333334 0.03854166666666667
3 0.8177083333333334 0.43854166666666666 0.31145833333333334 0.14791666666666667
1 0.9625 0.5229166666666667 0.07083333333333333 0.09375
1 0.93125 0.32916666666666666 0.06145833333333333 0.027083333333333334
1 0.7010416666666667 0.35520833333333335 0.13958333333333334 0.05
1 0.9791666666666666 0.4239583333333333 0.0375 0.10625
1 0.31354166666666666 0.3458333333333333 0.09375 0.019791666666666666
1 0.5447916666666667 0.43125 0.16145833333333334 0.11770833333333333
3 0.2989583333333333 0.49375 0.5145833333333333 0.290625
1 0.052083333333333336 0.39166666666666666 0.03854166666666667 0.05520833333333333
1 0.6583333333333333 0.4270833333333333 0.13229166666666667 0.09479166666666666