1 0.6 0.7041666666666667 0.24895833333333334 0.2833333333333333
1 0.784375 0.659375 0.12604166666666666 0.171875
1 0.041666666666666664 0.809375 0.08333333333333333 0.3770833333333333
1 0.846875 0.6208333333333333 0.07291666666666667 0.11145833333333334
1 0.9260416666666667 0.615625 0.058333333333333334 0.08958333333333333
1 0.9729166666666667 0.615625 0.027083333333333334 0.06458333333333334
1 0.159375 0.6291666666666667 0.058333333333333334 0.13333333333333333
0 0.428125 0.5916666666666667 0.340625 0.375
1 0.9822916666666667 0.6072916666666667 0.03125 0.05
1 0.04895833333333333 0.6385416666666667 0.09791666666666667 0.19375
1 0.10520833333333333 0.6260416666666667 0.04791666666666667 0.13541666666666666