1 0.803125 0.8677083333333333 0.38958333333333334 0.13958333333333334
1 0.3145833333333333 0.8552083333333333 0.20104166666666667 0.10104166666666667
1 0.409375 0.8333333333333334 0.11458333333333333 0.057291666666666664
1 0.26145833333333335 0.184375 0.08958333333333333 0.04583333333333333
1 0.221875 0.8177083333333334 0.05 0.028125
1 0.15520833333333334 0.8145833333333333 0.036458333333333336 0.017708333333333333
1 0.6291666666666667 0.8208333333333333 0.10208333333333333 0.04479166666666667
3 0.6885416666666667 0.48125 0.6072916666666667 0.3
3 0.25833333333333336 0.4864583333333333 0.15104166666666666 0.0875
3 0.46770833333333334 0.18125 0.31354166666666666 0.18645833333333334
1 0.3770833333333333 0.49583333333333335 0.042708333333333334 0.013541666666666667
1 0.721875 0.184375 0.090625 0.028125
1 0.1875 0.8145833333333333 0.035416666666666666 0.027083333333333334
1 0.12708333333333333 0.8135416666666667 0.015625 0.013541666666666667
1 0.11770833333333333 0.8135416666666667 0.014583333333333334 0.013541666666666667
3 0.125 0.48541666666666666 0.08333333333333333 0.053125
3 0.8979166666666667 0.18854166666666666 0.20104166666666667 0.07291666666666667