2 0.24791666666666667 0.5864583333333333 0.3125 0.3020833333333333
2 0.7572916666666667 0.5270833333333333 0.209375 0.15625
2 0.546875 0.5291666666666667 0.12083333333333333 0.20520833333333333
2 0.640625 0.471875 0.13645833333333332 0.09270833333333334
2 0.165625 0.51875 0.14791666666666667 0.08854166666666667
2 0.3854166666666667 0.5458333333333333 0.3125 0.225
2 0.5427083333333333 0.48020833333333335 0.146875 0.15625
2 0.946875 0.46875 0.10104166666666667 0.10416666666666667
1 0.1 0.43854166666666666 0.11666666666666667 0.06041666666666667
2 0.08333333333333333 0.6375 0.16666666666666666 0.3541666666666667
2 0.7385416666666667 0.5010416666666667 0.05625 0.03958333333333333
2 0.8395833333333333 0.5083333333333333 0.05625 0.10416666666666667
2 0.8875 0.4791666666666667 0.06666666666666667 0.09479166666666666