1 0.621875 0.475 0.12708333333333333 0.078125
1 0.7333333333333333 0.4791666666666667 0.184375 0.078125
1 0.4041666666666667 0.4270833333333333 0.10208333333333333 0.04375
1 0.346875 0.428125 0.05416666666666667 0.041666666666666664
1 0.21770833333333334 0.4239583333333333 0.046875 0.036458333333333336
1 0.028125 0.4197916666666667 0.03958333333333333 0.03854166666666667
1 0.16458333333333333 0.42083333333333334 0.05416666666666667 0.042708333333333334
1 0.28020833333333334 0.42083333333333334 0.052083333333333336 0.04791666666666667
1 0.31979166666666664 0.4166666666666667 0.035416666666666666 0.03333333333333333
3 0.44895833333333335 0.4083333333333333 0.1125 0.042708333333333334
1 0.11041666666666666 0.4197916666666667 0.046875 0.03854166666666667