1 0.0375 0.540625 0.07395833333333333 0.059375
1 0.8729166666666667 0.5395833333333333 0.0375 0.027083333333333334
1 0.928125 0.55625 0.057291666666666664 0.058333333333333334
1 0.8802083333333334 0.5395833333333333 0.04479166666666667 0.0375
1 0.9041666666666667 0.5291666666666667 0.025 0.025
1 0.9104166666666667 0.5145833333333333 0.027083333333333334 0.023958333333333335
1 0.9520833333333333 0.5166666666666667 0.021875 0.022916666666666665
3 0.5260416666666666 0.5833333333333334 0.7854166666666667 0.5197916666666667
1 0.8489583333333334 0.5145833333333333 0.022916666666666665 0.022916666666666665
1 0.9708333333333333 0.5427083333333333 0.05 0.05
3 0.0375 0.5416666666666666 0.075 0.058333333333333334
1 0.8385416666666666 0.5239583333333333 0.021875 0.019791666666666666
3 0.95 0.5052083333333334 0.07916666666666666 0.0375