1 0.5645833333333333 0.36875 0.09791666666666667 0.06770833333333333
1 0.503125 0.378125 0.08229166666666667 0.0875
1 0.46145833333333336 0.38333333333333336 0.08020833333333334 0.10625
1 0.34791666666666665 0.37916666666666665 0.17395833333333333 0.10520833333333333
1 0.040625 0.4041666666666667 0.08125 0.13645833333333332
1 0.18020833333333333 0.390625 0.19270833333333334 0.15104166666666666
1 0.8645833333333334 0.34791666666666665 0.06145833333333333 0.05625
1 0.15416666666666667 0.3125 0.0625 0.026041666666666668
1 0.9677083333333333 0.34791666666666665 0.06041666666666667 0.12916666666666668
1 0.7239583333333334 0.365625 0.06875 0.06458333333333334
1 0.9145833333333333 0.3541666666666667 0.0625 0.052083333333333336
1 0.83125 0.33645833333333336 0.08333333333333333 0.0625
3 0.925 0.35104166666666664 0.042708333333333334 0.059375
3 0.6177083333333333 0.3625 0.14166666666666666 0.09583333333333334
1 0.3958333333333333 0.346875 0.790625 0.15