2 0.6854166666666667 0.65625 0.2864583333333333 0.6645833333333333
1 0.30104166666666665 0.459375 0.05 0.05
1 0.2947916666666667 0.43333333333333335 0.04479166666666667 0.03958333333333333
1 0.28020833333333334 0.42291666666666666 0.040625 0.06458333333333334
1 0.14583333333333334 0.44583333333333336 0.04791666666666667 0.04479166666666667
1 0.14166666666666666 0.4083333333333333 0.030208333333333334 0.027083333333333334
1 0.921875 0.678125 0.153125 0.18125
1 0.8604166666666667 0.6572916666666667 0.13333333333333333 0.16041666666666668
1 0.4010416666666667 0.5947916666666667 0.06354166666666666 0.07916666666666666
1 0.053125 0.5572916666666666 0.06770833333333333 0.05
1 0.3416666666666667 0.6052083333333333 0.022916666666666665 0.05520833333333333
1 0.35520833333333335 0.6041666666666666 0.028125 0.05416666666666667
1 0.42083333333333334 0.6052083333333333 0.029166666666666667 0.06979166666666667
1 0.475 0.5875 0.09375 0.12083333333333333
1 0.2708333333333333 0.3541666666666667 0.5375 0.6