1 0.42604166666666665 0.875 0.834375 0.18645833333333334
1 0.30833333333333335 0.73125 0.19166666666666668 0.09791666666666667
1 0.5354166666666667 0.7104166666666667 0.10729166666666666 0.09375
1 0.646875 0.696875 0.084375 0.09479166666666666
1 0.6708333333333333 0.6770833333333334 0.09375 0.09895833333333333
1 0.8052083333333333 0.6322916666666667 0.06875 0.04583333333333333
1 0.8979166666666667 0.6604166666666667 0.06666666666666667 0.090625
1 0.8875 0.6020833333333333 0.053125 0.03125
1 0.7854166666666667 0.7666666666666667 0.18958333333333333 0.21145833333333333
1 0.46979166666666666 0.7072916666666667 0.08854166666666667 0.11041666666666666
1 0.5552083333333333 0.7052083333333333 0.10208333333333333 0.1125
1 0.38645833333333335 0.7083333333333334 0.184375 0.16770833333333332
1 0.728125 0.6197916666666666 0.0375 0.027083333333333334
1 0.8020833333333334 0.7041666666666667 0.30416666666666664 0.253125