1 0.6135416666666667 0.08333333333333333 0.103125 0.1125
1 0.4635416666666667 0.08020833333333334 0.11041666666666666 0.121875
1 0.31666666666666665 0.04895833333333333 0.042708333333333334 0.06041666666666667
1 0.1125 0.084375 0.05520833333333333 0.09270833333333334
1 0.1125 0.042708333333333334 0.052083333333333336 0.04479166666666667
1 0.7708333333333334 0.071875 0.09583333333333334 0.1
1 0.8208333333333333 0.051041666666666666 0.06145833333333333 0.065625
1 0.85625 0.06979166666666667 0.025 0.06979166666666667
1 0.15416666666666667 0.05416666666666667 0.04375 0.05625
1 0.690625 0.05625 0.053125 0.05
1 0.2375 0.04583333333333333 0.05 0.06458333333333334
1 0.29583333333333334 0.034375 0.014583333333333334 0.01875
1 0.7177083333333333 0.06041666666666667 0.020833333333333332 0.0625