1 0.975 0.41458333333333336 0.046875 0.09166666666666666
1 0.7895833333333333 0.41041666666666665 0.05 0.08645833333333333
1 0.634375 0.396875 0.015625 0.03333333333333333
2 0.7458333333333333 0.75625 0.50625 0.46458333333333335
2 0.8052083333333333 0.6270833333333333 0.19375 0.15729166666666666
2 0.5604166666666667 0.621875 0.13125 0.20208333333333334
3 0.7104166666666667 0.384375 0.12395833333333334 0.15416666666666667
1 0.8947916666666667 0.4239583333333333 0.14375 0.13229166666666667
1 0.6447916666666667 0.39791666666666664 0.0125 0.035416666666666666
1 0.8270833333333333 0.40208333333333335 0.0375 0.07395833333333333
2 0.5114583333333333 0.565625 0.08333333333333333 0.2
2 0.6958333333333333 0.5802083333333333 0.11041666666666666 0.053125