1 0.9 0.2 0.07291666666666667 0.08229166666666667
1 0.9416666666666667 0.209375 0.036458333333333336 0.04895833333333333
1 0.9520833333333333 0.18854166666666666 0.09166666666666666 0.07291666666666667
1 0.9864583333333333 0.16666666666666666 0.022916666666666665 0.0375
1 0.834375 0.18229166666666666 0.121875 0.128125
3 0.6666666666666666 0.17083333333333334 0.2125 0.184375
3 0.93125 0.15416666666666667 0.090625 0.04375
3 0.9864583333333333 0.16875 0.022916666666666665 0.041666666666666664
3 0.17604166666666668 0.184375 0.33229166666666665 0.32395833333333335
3 0.01875 0.19375 0.036458333333333336 0.18541666666666667
3 0.83125 0.17708333333333334 0.12083333333333333 0.13854166666666667