1 0.06875 0.6322916666666667 0.1375 0.096875
1 0.2875 0.5958333333333333 0.06979166666666667 0.03854166666666667
1 0.35208333333333336 0.6416666666666667 0.12395833333333334 0.09791666666666667
1 0.3854166666666667 0.5760416666666667 0.05520833333333333 0.035416666666666666
1 0.8895833333333333 0.6270833333333333 0.21666666666666667 0.078125
3 0.042708333333333334 0.5822916666666667 0.08333333333333333 0.05416666666666667
1 0.8427083333333333 0.5958333333333333 0.10729166666666666 0.04479166666666667
1 0.75625 0.60625 0.16666666666666666 0.06770833333333333
1 0.9760416666666667 0.646875 0.04375 0.090625
1 0.6989583333333333 0.5895833333333333 0.11354166666666667 0.034375
1 0.346875 0.5875 0.540625 0.03958333333333333
1 0.121875 0.8770833333333333 0.24375 0.24375
1 0.28541666666666665 0.5770833333333333 0.057291666666666664 0.021875
3 0.9020833333333333 0.571875 0.096875 0.020833333333333332