1 0.7010416666666667 0.884375 0.5458333333333333 0.203125
1 0.1625 0.8791666666666667 0.325 0.23958333333333334
1 0.425 0.7885416666666667 0.065625 0.07916666666666666
1 0.4791666666666667 0.7895833333333333 0.04479166666666667 0.05
1 0.39479166666666665 0.8072916666666666 0.04583333333333333 0.06875
1 0.5041666666666667 0.7729166666666667 0.04375 0.04583333333333333
1 0.5989583333333334 0.7635416666666667 0.027083333333333334 0.029166666666666667
1 0.203125 0.7885416666666667 0.06041666666666667 0.052083333333333336
1 0.246875 0.8041666666666667 0.0375 0.04791666666666667
1 0.3145833333333333 0.8114583333333333 0.12395833333333334 0.125
1 0.5364583333333334 0.7739583333333333 0.04375 0.03229166666666667