1 0.684375 0.5583333333333333 0.06770833333333333 0.09375
1 0.759375 0.49375 0.022916666666666665 0.046875
2 0.9791666666666666 0.6322916666666667 0.040625 0.19270833333333334
2 0.88125 0.6 0.05520833333333333 0.14166666666666666
2 0.8572916666666667 0.5822916666666667 0.07083333333333333 0.13020833333333334
2 0.9583333333333334 0.6125 0.065625 0.165625
0 0.5885416666666666 0.4822916666666667 0.06979166666666667 0.10833333333333334
0 0.25104166666666666 0.5010416666666667 0.2 0.24791666666666667
0 0.4395833333333333 0.5072916666666667 0.15208333333333332 0.17291666666666666
0 0.8177083333333334 0.48333333333333334 0.09479166666666666 0.12708333333333333
0 0.5354166666666667 0.4947916666666667 0.041666666666666664 0.11979166666666667
1 0.7583333333333333 0.63125 0.13854166666666667 0.17604166666666668
2 0.9364583333333333 0.63125 0.041666666666666664 0.13541666666666666
2 0.9145833333333333 0.634375 0.034375 0.11458333333333333
2 0.89375 0.634375 0.03958333333333333 0.11145833333333334
2 0.990625 0.7041666666666667 0.015625 0.075
2 0.74375 0.50625 0.013541666666666667 0.035416666666666666