1 0.11145833333333334 0.5635416666666667 0.22083333333333333 0.409375
1 0.28020833333333334 0.5322916666666667 0.15 0.23125
1 0.9291666666666667 0.540625 0.13958333333333334 0.20625
1 0.703125 0.37083333333333335 0.03333333333333333 0.06770833333333333
1 0.95625 0.43333333333333335 0.04479166666666667 0.07395833333333333
1 0.7833333333333333 0.35 0.030208333333333334 0.05
1 0.9583333333333334 0.734375 0.07916666666666666 0.18958333333333333
2 0.44166666666666665 0.725 0.4395833333333333 0.43854166666666666
2 0.7333333333333333 0.8041666666666667 0.159375 0.2520833333333333
2 0.8541666666666666 0.7520833333333333 0.13020833333333334 0.246875
2 0.8364583333333333 0.49895833333333334 0.05520833333333333 0.14166666666666666
0 0.9427083333333334 0.37395833333333334 0.0875 0.1
0 0.8552083333333333 0.37604166666666666 0.07708333333333334 0.13020833333333334
3 0.6416666666666667 0.371875 0.090625 0.18229166666666666
3 0.5239583333333333 0.36041666666666666 0.159375 0.134375
1 0.7385416666666667 0.31145833333333334 0.021875 0.023958333333333335
1 0.690625 0.3125 0.011458333333333333 0.03333333333333333
3 0.3802083333333333 0.41875 0.13645833333333332 0.21979166666666666
1 0.83125 0.31666666666666665 0.057291666666666664 0.06875
1 0.628125 0.6104166666666667 0.728125 0.64375