1 0.45 0.49270833333333336 0.04375 0.042708333333333334
1 0.725 0.4395833333333333 0.05520833333333333 0.025
1 0.04479166666666667 0.43333333333333335 0.058333333333333334 0.03125
1 0.2 0.3333333333333333 0.017708333333333333 0.01875
1 0.6010416666666667 0.33125 0.03333333333333333 0.017708333333333333
1 0.5854166666666667 0.325 0.025 0.017708333333333333
1 0.2916666666666667 0.44375 0.03958333333333333 0.028125
3 0.221875 0.303125 0.034375 0.019791666666666666
1 0.21875 0.278125 0.022916666666666665 0.013541666666666667
1 0.2375 0.3104166666666667 0.021875 0.0125
1 0.3854166666666667 0.31145833333333334 0.017708333333333333 0.025
1 0.559375 0.30104166666666665 0.025 0.015625
1 0.2375 0.290625 0.017708333333333333 0.016666666666666666