1 0.7822916666666667 0.5520833333333334 0.025 0.07916666666666666
1 0.7333333333333333 0.5166666666666667 0.034375 0.026041666666666668
1 0.41354166666666664 0.4864583333333333 0.025 0.015625
2 0.11145833333333334 0.6791666666666667 0.15729166666666666 0.46145833333333336
2 0.6427083333333333 0.5625 0.071875 0.13541666666666666
2 0.44895833333333335 0.5447916666666667 0.0625 0.09895833333333333
2 0.4864583333333333 0.5302083333333333 0.027083333333333334 0.057291666666666664
2 0.14270833333333333 0.5104166666666666 0.04375 0.035416666666666666
2 0.1625 0.5020833333333333 0.020833333333333332 0.04791666666666667
2 0.559375 0.521875 0.04583333333333333 0.065625
2 0.8947916666666667 0.634375 0.20833333333333334 0.43020833333333336
2 0.36666666666666664 0.571875 0.07395833333333333 0.184375
2 0.6833333333333333 0.525 0.013541666666666667 0.034375
2 0.246875 0.521875 0.058333333333333334 0.034375
2 0.7552083333333334 0.528125 0.01875 0.026041666666666668
2 0.49895833333333334 0.5197916666666667 0.020833333333333332 0.059375
2 0.5729166666666666 0.6270833333333333 0.5416666666666666 0.26145833333333335