2 0.5083333333333333 0.7302083333333333 0.034375 0.06666666666666667
2 0.34791666666666665 0.703125 0.057291666666666664 0.084375
2 0.06145833333333333 0.775 0.12291666666666666 0.18854166666666666
2 0.45 0.7010416666666667 0.052083333333333336 0.09895833333333333
2 0.64375 0.84375 0.2375 0.14895833333333333
2 0.853125 0.8916666666666667 0.2916666666666667 0.2125
2 0.790625 0.7958333333333333 0.10625 0.10104166666666667
2 0.959375 0.7541666666666667 0.07708333333333334 0.12916666666666668
1 0.5885416666666666 0.61875 0.04375 0.04791666666666667
2 0.7729166666666667 0.865625 0.17708333333333334 0.12604166666666666
2 0.9427083333333334 0.9302083333333333 0.11041666666666666 0.13541666666666666
2 0.2989583333333333 0.7885416666666667 0.11979166666666667 0.1625
2 0.5604166666666667 0.6895833333333333 0.026041666666666668 0.05625
1 0.6364583333333333 0.6083333333333333 0.01875 0.03125
2 0.621875 0.65625 0.019791666666666666 0.041666666666666664
2 0.48020833333333335 0.6979166666666666 0.5604166666666667 0.17916666666666667