1 0.07291666666666667 0.696875 0.026041666666666668 0.020833333333333332
1 0.06354166666666666 0.6614583333333334 0.008333333333333333 0.009375
1 0.18229166666666666 0.71875 0.11979166666666667 0.06145833333333333
1 0.011458333333333333 0.678125 0.013541666666666667 0.017708333333333333
1 0.05 0.6885416666666667 0.026041666666666668 0.020833333333333332
1 0.9333333333333333 0.7770833333333333 0.12708333333333333 0.17395833333333333
1 0.1125 0.7 0.08333333333333333 0.09270833333333334
1 0.084375 0.6791666666666667 0.021875 0.011458333333333333
1 0.0875 0.6614583333333334 0.007291666666666667 0.007291666666666667
0 0.39895833333333336 0.7177083333333333 0.23229166666666667 0.24479166666666666
2 0.004166666666666667 0.7083333333333334 0.008333333333333333 0.028125
3 0.11979166666666667 0.6875 0.071875 0.10416666666666667
1 0.23020833333333332 0.7083333333333334 0.06145833333333333 0.03229166666666667
1 0.035416666666666666 0.6635416666666667 0.016666666666666666 0.0125
2 0.019791666666666666 0.6979166666666666 0.011458333333333333 0.030208333333333334
2 0.06145833333333333 0.671875 0.007291666666666667 0.014583333333333334
2 0.023958333333333335 0.684375 0.011458333333333333 0.019791666666666666