2 0.41770833333333335 0.565625 0.058333333333333334 0.13854166666666667
2 0.65625 0.5552083333333333 0.051041666666666666 0.115625
2 0.23125 0.534375 0.046875 0.11145833333333334
2 0.5208333333333334 0.521875 0.025 0.06458333333333334
2 0.44895833333333335 0.5052083333333334 0.021875 0.07083333333333333
1 0.8583333333333333 0.5135416666666667 0.059375 0.0625
1 0.33958333333333335 0.48541666666666666 0.03125 0.027083333333333334
1 0.2916666666666667 0.4822916666666667 0.0375 0.040625
1 0.32916666666666666 0.4791666666666667 0.023958333333333335 0.026041666666666668
1 0.8239583333333333 0.509375 0.025 0.03958333333333333
1 0.925 0.4739583333333333 0.020833333333333332 0.022916666666666665
1 0.7729166666666667 0.4666666666666667 0.016666666666666666 0.022916666666666665
1 0.7614583333333333 0.46875 0.011458333333333333 0.022916666666666665
1 0.75 0.46979166666666666 0.020833333333333332 0.028125
1 0.7364583333333333 0.45 0.019791666666666666 0.019791666666666666
1 0.696875 0.4552083333333333 0.019791666666666666 0.011458333333333333
1 0.7895833333333333 0.46041666666666664 0.014583333333333334 0.022916666666666665
1 0.8697916666666666 0.44479166666666664 0.023958333333333335 0.017708333333333333
1 0.45416666666666666 0.43333333333333335 0.8854166666666666 0.14166666666666666