1 0.9833333333333333 0.9552083333333333 0.029166666666666667 0.03125
1 0.6958333333333333 0.984375 0.03333333333333333 0.028125
1 0.9510416666666667 0.9739583333333334 0.030208333333333334 0.03854166666666667
1 0.54375 0.9875 0.058333333333333334 0.023958333333333335
1 0.8947916666666667 0.9739583333333334 0.07395833333333333 0.051041666666666666
3 0.8385416666666666 0.9739583333333334 0.13541666666666666 0.04791666666666667
3 0.5989583333333334 0.965625 0.07604166666666666 0.036458333333333336
1 0.7291666666666666 0.9822916666666667 0.036458333333333336 0.034375
1 0.640625 0.9822916666666667 0.05625 0.03125
1 0.5145833333333333 0.9916666666666667 0.04583333333333333 0.0125
1 0.978125 0.9697916666666667 0.03854166666666667 0.03958333333333333
0 0.7989583333333333 0.5166666666666667 0.21770833333333334 0.37395833333333334
3 0.54375 0.984375 0.06041666666666667 0.027083333333333334
1 0.6041666666666666 0.9854166666666667 0.036458333333333336 0.023958333333333335
3 0.7791666666666667 0.975 0.06979166666666667 0.04583333333333333