1 0.8791666666666667 0.6583333333333333 0.221875 0.19375
1 0.55 0.6135416666666667 0.125 0.09270833333333334
1 0.21979166666666666 0.59375 0.11770833333333333 0.06666666666666667
1 0.13229166666666667 0.571875 0.04791666666666667 0.028125
3 0.45416666666666666 0.5572916666666666 0.090625 0.14166666666666666
3 0.37916666666666665 0.5677083333333334 0.06979166666666667 0.035416666666666666
1 0.15625 0.5739583333333333 0.027083333333333334 0.030208333333333334
3 0.5572916666666666 0.540625 0.07395833333333333 0.057291666666666664
1 0.11979166666666667 0.603125 0.140625 0.09375
1 0.3260416666666667 0.596875 0.11666666666666667 0.0625
1 0.3572916666666667 0.5895833333333333 0.06875 0.05
1 0.041666666666666664 0.671875 0.059375 0.10625
1 0.053125 0.6458333333333334 0.096875 0.06666666666666667
1 0.5989583333333334 0.6010416666666667 0.05625 0.06979166666666667
1 0.1 0.615625 0.18020833333333333 0.10833333333333334