1 0.022916666666666665 0.4875 0.040625 0.027083333333333334
2 0.51875 0.6666666666666666 0.22916666666666666 0.22395833333333334
2 0.6958333333333333 0.6635416666666667 0.15520833333333334 0.184375
2 0.81875 0.6625 0.128125 0.146875
2 0.28958333333333336 0.584375 0.12083333333333333 0.140625
2 0.359375 0.5833333333333334 0.10520833333333333 0.12395833333333334
2 0.6395833333333333 0.575 0.04791666666666667 0.09375
2 0.81875 0.6166666666666667 0.2125 0.18958333333333333
2 0.9072916666666667 0.5979166666666667 0.17395833333333333 0.19479166666666667
2 0.30104166666666665 0.5239583333333333 0.03333333333333333 0.042708333333333334
2 0.51875 0.5739583333333333 0.05520833333333333 0.11770833333333333
2 0.12395833333333334 0.5864583333333333 0.09270833333333334 0.175
1 0.27291666666666664 0.48854166666666665 0.05520833333333333 0.03125
1 0.027083333333333334 0.46770833333333334 0.029166666666666667 0.017708333333333333
1 0.171875 0.484375 0.052083333333333336 0.036458333333333336
2 0.6010416666666667 0.54375 0.05416666666666667 0.05520833333333333
1 0.25104166666666666 0.4552083333333333 0.03333333333333333 0.029166666666666667
1 0.334375 0.4875 0.04375 0.034375
1 0.3770833333333333 0.48333333333333334 0.05625 0.03125
1 0.34791666666666665 0.4666666666666667 0.03333333333333333 0.022916666666666665
2 0.4979166666666667 0.5552083333333333 0.9958333333333333 0.17291666666666666