1 0.6239583333333333 0.45625 0.0625 0.04583333333333333
0 0.05520833333333333 0.35 0.04479166666666667 0.07083333333333333
1 0.6364583333333333 0.4270833333333333 0.06458333333333334 0.053125
1 0.6614583333333334 0.5697916666666667 0.09791666666666667 0.109375
1 0.8197916666666667 0.603125 0.115625 0.134375
1 0.7145833333333333 0.7489583333333333 0.11458333333333333 0.153125
1 0.9104166666666667 0.7322916666666667 0.1375 0.16354166666666667
1 0.9 0.5583333333333333 0.090625 0.09479166666666666
1 0.63125 0.5104166666666666 0.071875 0.10104166666666667
1 0.834375 0.45 0.058333333333333334 0.071875
1 0.7458333333333333 0.5260416666666666 0.06354166666666666 0.08229166666666667
1 0.7302083333333333 0.48854166666666665 0.0625 0.06979166666666667
1 0.709375 0.36041666666666666 0.034375 0.041666666666666664
0 0.1125 0.34270833333333334 0.07604166666666666 0.10416666666666667
1 0.7135416666666666 0.340625 0.03333333333333333 0.03854166666666667
1 0.45208333333333334 0.5322916666666667 0.8958333333333334 0.753125