1 0.04791666666666667 0.5020833333333333 0.09583333333333334 0.25833333333333336
1 0.540625 0.28125 0.05 0.040625
1 0.040625 0.28229166666666666 0.041666666666666664 0.029166666666666667
2 0.665625 0.44583333333333336 0.11770833333333333 0.175
1 0.49270833333333336 0.26979166666666665 0.07708333333333334 0.04375
1 0.3614583333333333 0.2760416666666667 0.05520833333333333 0.04479166666666667
2 0.4666666666666667 0.403125 0.04895833333333333 0.12291666666666666
2 0.19270833333333334 0.4791666666666667 0.175 0.28541666666666665
2 0.271875 0.49375 0.029166666666666667 0.12708333333333333
3 0.18854166666666666 0.26875 0.051041666666666666 0.03958333333333333
3 0.04791666666666667 0.5010416666666667 0.09583333333333334 0.26979166666666665
1 0.22604166666666667 0.271875 0.03854166666666667 0.03125
1 0.41875 0.2875 0.07291666666666667 0.059375
1 0.15625 0.2875 0.05625 0.04375
1 0.26666666666666666 0.26666666666666666 0.028125 0.017708333333333333
1 0.07708333333333334 0.2708333333333333 0.029166666666666667 0.026041666666666668
1 0.48854166666666665 0.30416666666666664 0.09479166666666666 0.06875
2 0.47708333333333336 0.525 0.065625 0.14583333333333334
1 0.040625 0.25729166666666664 0.03333333333333333 0.014583333333333334
1 0.10520833333333333 0.2625 0.035416666666666666 0.05416666666666667