1 0.41458333333333336 0.4552083333333333 0.15833333333333333 0.05520833333333333
1 0.778125 0.44895833333333335 0.08125 0.04791666666666667
1 0.7979166666666667 0.4083333333333333 0.04895833333333333 0.029166666666666667
1 0.11041666666666666 0.4739583333333333 0.065625 0.03854166666666667
1 0.04479166666666667 0.471875 0.08958333333333333 0.05625
1 0.6635416666666667 0.40625 0.030208333333333334 0.019791666666666666
1 0.7302083333333333 0.409375 0.04375 0.021875
1 0.9145833333333333 0.409375 0.042708333333333334 0.023958333333333335
1 0.7885416666666667 0.390625 0.017708333333333333 0.009375
1 0.23125 0.43854166666666666 0.04791666666666667 0.027083333333333334
1 0.7583333333333333 0.39166666666666666 0.020833333333333332 0.014583333333333334
1 0.8364583333333333 0.4083333333333333 0.030208333333333334 0.016666666666666666