1 0.11979166666666667 0.6020833333333333 0.23958333333333334 0.14791666666666667
1 0.5052083333333334 0.540625 0.057291666666666664 0.036458333333333336
1 0.8885416666666667 0.6010416666666667 0.22083333333333333 0.11458333333333333
1 0.45208333333333334 0.58125 0.10208333333333333 0.078125
1 0.5010416666666667 0.5697916666666667 0.06979166666666667 0.06458333333333334
1 0.5458333333333333 0.553125 0.036458333333333336 0.041666666666666664
1 0.5645833333333333 0.5479166666666667 0.03333333333333333 0.03854166666666667
1 0.215625 0.5802083333333333 0.140625 0.10416666666666667
1 0.6072916666666667 0.5177083333333333 0.017708333333333333 0.015625
1 0.378125 0.5447916666666667 0.05 0.03125
1 0.45416666666666666 0.5354166666666667 0.022916666666666665 0.015625
3 0.5791666666666667 0.534375 0.04479166666666667 0.052083333333333336
3 0.3104166666666667 0.5770833333333333 0.19895833333333332 0.121875
1 0.65 0.5916666666666667 0.2864583333333333 0.13333333333333333