1 0.428125 0.6291666666666667 0.04791666666666667 0.025
1 0.4822916666666667 0.6260416666666667 0.03125 0.021875
1 0.7489583333333333 0.6270833333333333 0.051041666666666666 0.027083333333333334
1 0.696875 0.625 0.03958333333333333 0.017708333333333333
1 0.46145833333333336 0.6302083333333334 0.03958333333333333 0.026041666666666668
1 0.5677083333333334 0.6291666666666667 0.027083333333333334 0.025
3 0.9635416666666666 0.6229166666666667 0.058333333333333334 0.027083333333333334
3 0.4552083333333333 0.628125 0.029166666666666667 0.026041666666666668
3 0.346875 0.625 0.053125 0.03333333333333333
1 0.6677083333333333 0.6270833333333333 0.03229166666666667 0.026041666666666668
1 0.3177083333333333 0.6302083333333334 0.17395833333333333 0.022916666666666665
1 0.8510416666666667 0.6260416666666667 0.034375 0.023958333333333335
1 0.8958333333333334 0.6260416666666667 0.017708333333333333 0.020833333333333332
1 0.81875 0.6260416666666667 0.042708333333333334 0.022916666666666665
1 0.19166666666666668 0.6333333333333333 0.027083333333333334 0.015625