1 0.8979166666666667 0.38645833333333335 0.18229166666666666 0.13333333333333333
2 0.3416666666666667 0.5427083333333333 0.1875 0.42916666666666664
2 0.6375 0.621875 0.24375 0.55
2 0.4708333333333333 0.48541666666666666 0.12395833333333334 0.2833333333333333
1 0.6510416666666666 0.4010416666666667 0.31354166666666666 0.3125
1 0.40520833333333334 0.3385416666666667 0.020833333333333332 0.021875
1 0.3697916666666667 0.33541666666666664 0.014583333333333334 0.015625
1 0.4791666666666667 0.3385416666666667 0.013541666666666667 0.015625
3 0.65625 0.3875 0.32708333333333334 0.31145833333333334
1 0.45208333333333334 0.3375 0.021875 0.019791666666666666
1 0.21041666666666667 0.34375 0.04583333333333333 0.03125