1 0.7364583333333333 0.93125 0.10104166666666667 0.11979166666666667
1 0.7395833333333334 0.953125 0.07916666666666666 0.08958333333333333
1 0.065625 0.95625 0.051041666666666666 0.08020833333333334
1 0.35833333333333334 0.76875 0.05625 0.05520833333333333
1 0.38645833333333335 0.73125 0.052083333333333336 0.0625
1 0.43125 0.621875 0.041666666666666664 0.046875
1 0.446875 0.5708333333333333 0.036458333333333336 0.040625
1 0.40625 0.66875 0.051041666666666666 0.06354166666666666
1 0.453125 0.54375 0.0375 0.029166666666666667
1 0.47604166666666664 0.4739583333333333 0.035416666666666666 0.034375
3 0.6 0.49583333333333335 0.051041666666666666 0.10416666666666667
3 0.5302083333333333 0.5739583333333333 0.057291666666666664 0.125
3 0.478125 0.7208333333333333 0.06979166666666667 0.109375
3 0.51875 0.5177083333333333 0.04479166666666667 0.07083333333333333
3 0.41875 0.8270833333333333 0.19895833333333332 0.109375
3 0.5072916666666667 0.6291666666666667 0.06145833333333333 0.140625
3 0.5385416666666667 0.459375 0.04895833333333333 0.11666666666666667
3 0.5208333333333334 0.4822916666666667 0.051041666666666666 0.06770833333333333
3 0.7395833333333334 0.934375 0.09895833333333333 0.12291666666666666
1 0.25 0.928125 0.07708333333333334 0.096875
1 0.7072916666666667 0.665625 0.03854166666666667 0.04791666666666667
3 0.4791666666666667 0.675 0.071875 0.09375
3 0.178125 0.940625 0.096875 0.08645833333333333
3 0.578125 0.8708333333333333 0.20729166666666668 0.12708333333333333
1 0.48854166666666665 0.42916666666666664 0.09166666666666666 0.20833333333333334