1 0.465625 0.6666666666666666 0.06041666666666667 0.042708333333333334
1 0.5333333333333333 0.65625 0.03125 0.04375
1 0.5572916666666666 0.659375 0.021875 0.03229166666666667
1 0.584375 0.6552083333333333 0.029166666666666667 0.028125
1 0.6020833333333333 0.653125 0.019791666666666666 0.025
1 0.6552083333333333 0.6697916666666667 0.058333333333333334 0.05416666666666667
1 0.6229166666666667 0.6510416666666666 0.022916666666666665 0.022916666666666665
1 0.6979166666666666 0.6645833333333333 0.019791666666666666 0.042708333333333334
1 0.7072916666666667 0.659375 0.028125 0.03958333333333333
1 0.5020833333333333 0.6614583333333334 0.03958333333333333 0.04375
1 0.6802083333333333 0.6708333333333333 0.03854166666666667 0.04791666666666667