1 0.06041666666666667 0.2520833333333333 0.019791666666666666 0.029166666666666667
0 0.31979166666666664 0.44583333333333336 0.325 0.25625
0 0.37916666666666665 0.38958333333333334 0.29375 0.25833333333333336
0 0.5802083333333333 0.39791666666666664 0.128125 0.20625
1 0.09375 0.2552083333333333 0.03125 0.028125
1 0.0875 0.25416666666666665 0.022916666666666665 0.026041666666666668
1 0.0125 0.23854166666666668 0.019791666666666666 0.022916666666666665
0 0.20520833333333333 0.34375 0.22916666666666666 0.18854166666666666
0 0.340625 0.24270833333333333 0.278125 0.025
0 0.35104166666666664 0.25625 0.29791666666666666 0.034375
1 0.035416666666666666 0.24583333333333332 0.030208333333333334 0.030208333333333334
1 0.05520833333333333 0.246875 0.03125 0.03125