2 0.3572916666666667 0.6864583333333333 0.6625 0.6208333333333333
2 0.8177083333333334 0.3177083333333333 0.065625 0.13645833333333332
2 0.06354166666666666 0.38958333333333334 0.12291666666666666 0.140625
2 0.5114583333333333 0.2989583333333333 0.07708333333333334 0.057291666666666664
2 0.3625 0.31979166666666664 0.12083333333333333 0.09895833333333333
2 0.12604166666666666 0.3729166666666667 0.11354166666666667 0.15833333333333333
2 0.259375 0.3458333333333333 0.15208333333333332 0.115625
2 0.8364583333333333 0.303125 0.041666666666666664 0.09791666666666667
2 0.025 0.43125 0.04895833333333333 0.153125
2 0.8072916666666666 0.41458333333333336 0.04895833333333333 0.121875
2 0.8489583333333334 0.29791666666666666 0.0375 0.07708333333333334
2 0.415625 0.3229166666666667 0.051041666666666666 0.075
2 0.7645833333333333 0.428125 0.11666666666666667 0.24583333333333332
2 0.6677083333333333 0.45625 0.2125 0.35208333333333336