1 0.29791666666666666 0.5770833333333333 0.05416666666666667 0.040625
1 0.3875 0.5864583333333333 0.058333333333333334 0.06145833333333333
1 0.253125 0.5677083333333334 0.041666666666666664 0.030208333333333334
1 0.10416666666666667 0.6854166666666667 0.023958333333333335 0.029166666666666667
0 0.559375 0.37083333333333335 0.20625 0.16354166666666667
0 0.21041666666666667 0.5458333333333333 0.06145833333333333 0.065625
3 0.775 0.6854166666666667 0.4427083333333333 0.6020833333333333
3 0.28020833333333334 0.525 0.04791666666666667 0.04583333333333333
1 0.5895833333333333 0.61875 0.07604166666666666 0.084375
1 0.07708333333333334 0.6791666666666667 0.005208333333333333 0.0125
1 0.06354166666666666 0.6760416666666667 0.021875 0.0375
0 0.171875 0.55 0.021875 0.023958333333333335
3 0.4947916666666667 0.5447916666666667 0.159375 0.10625