0 0.3416666666666667 0.5489583333333333 0.07083333333333333 0.046875
0 0.4552083333333333 0.5010416666666667 0.05 0.035416666666666666
1 0.3729166666666667 0.5010416666666667 0.023958333333333335 0.016666666666666666
1 0.34479166666666666 0.521875 0.026041666666666668 0.016666666666666666
1 0.3229166666666667 0.5125 0.027083333333333334 0.017708333333333333
1 0.9677083333333333 0.7385416666666667 0.029166666666666667 0.03333333333333333
1 0.2635416666666667 0.5364583333333334 0.026041666666666668 0.016666666666666666
1 0.24583333333333332 0.521875 0.03125 0.014583333333333334
1 0.27708333333333335 0.5114583333333333 0.028125 0.014583333333333334
3 0.45416666666666666 0.46979166666666666 0.04375 0.03229166666666667
3 0.8760416666666667 0.8229166666666666 0.046875 0.06770833333333333
3 0.9229166666666667 0.7770833333333333 0.03958333333333333 0.03958333333333333
1 0.25833333333333336 0.5520833333333334 0.025 0.015625
1 0.24791666666666667 0.5697916666666667 0.019791666666666666 0.01875
1 0.1875 0.5208333333333334 0.029166666666666667 0.015625
1 0.40208333333333335 0.5020833333333333 0.025 0.013541666666666667
1 0.10416666666666667 0.5489583333333333 0.030208333333333334 0.021875
1 0.22291666666666668 0.5072916666666667 0.025 0.015625
1 0.553125 0.653125 0.890625 0.628125