2 0.56875 0.7208333333333333 0.08333333333333333 0.18125
2 0.24791666666666667 0.696875 0.0375 0.08229166666666667
2 0.5145833333333333 0.6239583333333333 0.025 0.05625
1 0.396875 0.6583333333333333 0.08333333333333333 0.11979166666666667
1 0.6635416666666667 0.6541666666666667 0.12916666666666668 0.10625
1 0.9541666666666667 0.73125 0.08958333333333333 0.19270833333333334
1 0.8239583333333333 0.6458333333333334 0.11979166666666667 0.10104166666666667
1 0.9052083333333333 0.634375 0.07291666666666667 0.04895833333333333
1 0.6010416666666667 0.6125 0.04375 0.052083333333333336
1 0.13645833333333332 0.6447916666666667 0.08333333333333333 0.10729166666666666
1 0.013541666666666667 0.6791666666666667 0.027083333333333334 0.13020833333333334
1 0.06770833333333333 0.6479166666666667 0.08125 0.13229166666666667
1 0.9541666666666667 0.675 0.08854166666666667 0.12083333333333333
1 0.28958333333333336 0.625 0.078125 0.10833333333333334
2 0.33645833333333336 0.7041666666666667 0.042708333333333334 0.09375
1 0.54375 0.5489583333333333 0.022916666666666665 0.020833333333333332
1 0.6208333333333333 0.5833333333333334 0.04895833333333333 0.03125
1 0.5072916666666667 0.6270833333333333 0.8333333333333334 0.19479166666666667