1 0.8427083333333333 0.8791666666666667 0.096875 0.09375
1 0.084375 0.909375 0.13645833333333332 0.153125
1 0.7385416666666667 0.88125 0.046875 0.06666666666666667
1 0.171875 0.903125 0.04895833333333333 0.08854166666666667
1 0.340625 0.871875 0.0375 0.053125
1 0.378125 0.8708333333333333 0.057291666666666664 0.058333333333333334
1 0.2635416666666667 0.865625 0.035416666666666666 0.04479166666666667
1 0.19583333333333333 0.8770833333333333 0.034375 0.065625
1 0.4864583333333333 0.8572916666666667 0.0375 0.03958333333333333
1 0.6114583333333333 0.8635416666666667 0.03958333333333333 0.058333333333333334
1 0.29791666666666666 0.8510416666666667 0.025 0.028125
1 0.684375 0.8729166666666667 0.029166666666666667 0.075
1 0.640625 0.875 0.027083333333333334 0.042708333333333334
0 0.4 0.83125 0.11354166666666667 0.027083333333333334
1 0.40729166666666666 0.9072916666666667 0.8104166666666667 0.18020833333333333