1 0.31875 0.803125 0.10833333333333334 0.125
1 0.396875 0.7708333333333334 0.08020833333333334 0.096875
1 0.042708333333333334 0.8489583333333334 0.084375 0.1375
1 0.9875 0.7583333333333333 0.021875 0.071875
1 0.8697916666666666 0.7166666666666667 0.040625 0.046875
3 0.3177083333333333 0.696875 0.146875 0.16875
3 0.16770833333333332 0.83125 0.21875 0.20625
1 0.46145833333333336 0.715625 0.042708333333333334 0.020833333333333332
1 0.909375 0.73125 0.0375 0.04479166666666667
1 0.9510416666666667 0.7333333333333333 0.06041666666666667 0.07708333333333334
1 0.45416666666666666 0.7520833333333333 0.06354166666666666 0.065625
1 0.5833333333333334 0.7083333333333334 0.027083333333333334 0.030208333333333334