2 0.6114583333333333 0.24479166666666666 0.2375 0.3458333333333333
2 0.7458333333333333 0.11666666666666667 0.13854166666666667 0.19166666666666668
2 0.3770833333333333 0.146875 0.284375 0.228125
2 0.23958333333333334 0.146875 0.25625 0.271875
2 0.5875 0.078125 0.14583333333333334 0.12395833333333334
2 0.45625 0.065625 0.1875 0.12604166666666666
2 0.9 0.15625 0.171875 0.240625
1 0.946875 0.019791666666666666 0.09791666666666667 0.03958333333333333
1 0.71875 0.016666666666666666 0.0875 0.03333333333333333
1 0.828125 0.023958333333333335 0.14375 0.04791666666666667
2 0.3770833333333333 0.034375 0.12916666666666668 0.06875
2 0.44375 0.019791666666666666 0.10729166666666666 0.03958333333333333
2 0.28541666666666665 0.03958333333333333 0.128125 0.07916666666666666