1 0.165625 0.7552083333333334 0.28125 0.11666666666666667
1 0.3 0.7229166666666667 0.22083333333333333 0.11354166666666667
1 0.3854166666666667 0.6989583333333333 0.0875 0.041666666666666664
1 0.478125 0.6729166666666667 0.042708333333333334 0.036458333333333336
0 0.828125 0.6135416666666667 0.2604166666666667 0.3145833333333333
3 0.98125 0.6197916666666666 0.034375 0.075
1 0.44479166666666664 0.6885416666666667 0.09583333333333334 0.04479166666666667
1 0.95 0.834375 0.09583333333333334 0.18958333333333333
1 0.075 0.7145833333333333 0.0375 0.028125
1 0.653125 0.6666666666666666 0.029166666666666667 0.051041666666666666
1 0.334375 0.671875 0.04895833333333333 0.026041666666666668
1 0.026041666666666668 0.7197916666666667 0.052083333333333336 0.07291666666666667
1 0.10104166666666667 0.7010416666666667 0.029166666666666667 0.016666666666666666