1 0.9291666666666667 0.25625 0.1375 0.05416666666666667
1 0.75 0.25625 0.13645833333333332 0.041666666666666664
1 0.5833333333333334 0.25416666666666665 0.134375 0.04375
1 0.44375 0.2604166666666667 0.15104166666666666 0.04583333333333333
1 0.14479166666666668 0.2760416666666667 0.14583333333333334 0.06145833333333333
1 0.28541666666666665 0.2520833333333333 0.075 0.028125
1 0.221875 0.25 0.090625 0.03333333333333333
1 0.359375 0.246875 0.09583333333333334 0.041666666666666664
1 0.47708333333333336 0.24270833333333333 0.09270833333333334 0.025
2 0.55625 0.6395833333333333 0.7833333333333333 0.6177083333333333
1 0.023958333333333335 0.25 0.022916666666666665 0.015625