1 0.4354166666666667 0.878125 0.084375 0.1375
1 0.7145833333333333 0.8354166666666667 0.058333333333333334 0.058333333333333334
1 0.6791666666666667 0.8333333333333334 0.03333333333333333 0.06666666666666667
1 0.59375 0.80625 0.021875 0.03854166666666667
1 0.45416666666666666 0.8375 0.06979166666666667 0.09791666666666667
1 0.659375 0.8229166666666666 0.05520833333333333 0.071875
1 0.78125 0.8541666666666666 0.08645833333333333 0.08958333333333333
1 0.7395833333333334 0.8541666666666666 0.04375 0.08020833333333334
1 0.5645833333333333 0.7958333333333333 0.016666666666666666 0.027083333333333334
1 0.828125 0.8729166666666667 0.090625 0.10833333333333334
1 0.6197916666666666 0.8104166666666667 0.03229166666666667 0.05625
1 0.634375 0.8177083333333334 0.030208333333333334 0.06041666666666667