1 0.46041666666666664 0.5104166666666666 0.19166666666666668 0.09166666666666666
1 0.6583333333333333 0.509375 0.20104166666666667 0.08229166666666667
1 0.890625 0.5104166666666666 0.215625 0.10416666666666667
1 0.37395833333333334 0.5020833333333333 0.11458333333333333 0.08333333333333333
1 0.18229166666666666 0.5104166666666666 0.140625 0.07916666666666666
1 0.2552083333333333 0.509375 0.065625 0.065625
1 0.06041666666666667 0.515625 0.12083333333333333 0.12395833333333334
1 0.5614583333333333 0.48541666666666666 0.023958333333333335 0.030208333333333334
1 0.5979166666666667 0.478125 0.025 0.028125
1 0.30520833333333336 0.49895833333333334 0.04791666666666667 0.06354166666666666
3 0.36666666666666664 0.5010416666666667 0.12395833333333334 0.084375