3 0.7104166666666667 0.8041666666666667 0.06666666666666667 0.042708333333333334
3 0.9479166666666666 0.7395833333333334 0.1 0.05625
1 0.8447916666666667 0.8947916666666667 0.05416666666666667 0.057291666666666664
1 0.8770833333333333 0.6125 0.020833333333333332 0.015625
1 0.8291666666666667 0.95 0.06666666666666667 0.059375
1 0.8770833333333333 0.584375 0.025 0.015625
1 0.9479166666666666 0.5583333333333333 0.019791666666666666 0.014583333333333334
3 0.76875 0.7083333333333334 0.046875 0.04583333333333333
1 0.8447916666666667 0.828125 0.04791666666666667 0.029166666666666667
1 0.796875 0.8072916666666666 0.035416666666666666 0.022916666666666665
1 0.7104166666666667 0.7572916666666667 0.1 0.028125
1 0.8291666666666667 0.8729166666666667 0.03958333333333333 0.03958333333333333
1 0.8114583333333333 0.85 0.058333333333333334 0.03125
1 0.7770833333333333 0.8270833333333333 0.04479166666666667 0.029166666666666667
1 0.79375 0.778125 0.029166666666666667 0.027083333333333334
3 0.7260416666666667 0.896875 0.13229166666666667 0.14583333333333334
3 0.64375 0.8875 0.125 0.14270833333333333
1 0.840625 0.7479166666666667 0.084375 0.020833333333333332
1 0.8614583333333333 0.6333333333333333 0.16458333333333333 0.22916666666666666