1 0.028125 0.4427083333333333 0.051041666666666666 0.026041666666666668
1 0.14166666666666666 0.42604166666666665 0.04479166666666667 0.021875
1 0.11666666666666667 0.4197916666666667 0.020833333333333332 0.020833333333333332
1 0.21354166666666666 0.41770833333333335 0.019791666666666666 0.017708333333333333
1 0.3875 0.4197916666666667 0.03333333333333333 0.017708333333333333
1 0.28125 0.43020833333333336 0.015625 0.021875
1 0.42916666666666664 0.4197916666666667 0.017708333333333333 0.015625
1 0.23645833333333333 0.4166666666666667 0.025 0.017708333333333333
1 0.33541666666666664 0.4197916666666667 0.021875 0.025
1 0.5385416666666667 0.42604166666666665 0.030208333333333334 0.029166666666666667
1 0.45729166666666665 0.41875 0.014583333333333334 0.017708333333333333
1 0.48125 0.415625 0.016666666666666666 0.009375
1 0.26875 0.4083333333333333 0.521875 0.075