0 0.48541666666666666 0.8833333333333333 0.06770833333333333 0.125
1 0.41875 0.89375 0.041666666666666664 0.058333333333333334
1 0.3416666666666667 0.921875 0.05416666666666667 0.058333333333333334
1 0.334375 0.8833333333333333 0.042708333333333334 0.04895833333333333
1 0.37395833333333334 0.846875 0.034375 0.036458333333333336
1 0.41354166666666664 0.8 0.020833333333333332 0.023958333333333335
1 0.4395833333333333 0.7697916666666667 0.015625 0.01875
1 0.44583333333333336 0.7541666666666667 0.015625 0.017708333333333333
1 0.496875 0.740625 0.0125 0.014583333333333334
1 0.5072916666666667 0.7364583333333333 0.0125 0.0125
1 0.43020833333333336 0.7510416666666667 0.0125 0.0125
1 0.8958333333333334 0.7802083333333333 0.03125 0.023958333333333335