1 0.840625 0.58125 0.10520833333333333 0.06145833333333333
1 0.05520833333333333 0.41770833333333335 0.10833333333333334 0.21979166666666666
1 0.8020833333333334 0.5375 0.09895833333333333 0.052083333333333336
3 0.5229166666666667 0.18541666666666667 0.5010416666666667 0.28541666666666665
3 0.16979166666666667 0.2125 0.2864583333333333 0.159375
1 0.853125 0.2 0.07291666666666667 0.0625
3 0.9208333333333333 0.165625 0.06875 0.06458333333333334
3 0.8333333333333334 0.15833333333333333 0.11770833333333333 0.06979166666666667
3 0.8354166666666667 0.85 0.16458333333333333 0.13541666666666666
3 0.6458333333333334 0.85 0.42291666666666666 0.29583333333333334
3 0.11041666666666666 0.1 0.22083333333333333 0.2
1 0.6333333333333333 0.7270833333333333 0.12708333333333333 0.07708333333333334
1 0.9541666666666667 0.621875 0.08958333333333333 0.08125
1 0.9354166666666667 0.5770833333333333 0.022916666666666665 0.023958333333333335
1 0.9895833333333334 0.5520833333333334 0.016666666666666666 0.025