1 0.8416666666666667 0.18020833333333333 0.3145833333333333 0.16354166666666667
1 0.6354166666666666 0.14166666666666666 0.2708333333333333 0.11458333333333333
1 0.878125 0.07916666666666666 0.17083333333333334 0.040625
1 0.575 0.09479166666666666 0.07291666666666667 0.03854166666666667
1 0.7354166666666667 0.08958333333333333 0.13854166666666667 0.04791666666666667
1 0.071875 0.13229166666666667 0.059375 0.026041666666666668
1 0.3958333333333333 0.14270833333333333 0.23020833333333332 0.12604166666666666
1 0.14375 0.13541666666666666 0.065625 0.08020833333333334
1 0.46770833333333334 0.09375 0.11875 0.053125
1 0.25833333333333336 0.12604166666666666 0.18541666666666667 0.13020833333333334
1 0.525 0.11145833333333334 0.08854166666666667 0.036458333333333336
1 0.0375 0.128125 0.030208333333333334 0.022916666666666665