1 0.16041666666666668 0.5802083333333333 0.065625 0.06875
1 0.534375 0.571875 0.15208333333333332 0.153125
1 0.4552083333333333 0.5697916666666667 0.042708333333333334 0.06666666666666667
1 0.9375 0.8822916666666667 0.11666666666666667 0.22708333333333333
1 0.20208333333333334 0.5697916666666667 0.05520833333333333 0.06041666666666667
1 0.09479166666666666 0.5916666666666667 0.10833333333333334 0.1
1 0.22916666666666666 0.5645833333333333 0.034375 0.046875
1 0.23645833333333333 0.5572916666666666 0.04895833333333333 0.051041666666666666
1 0.26875 0.5552083333333333 0.025 0.035416666666666666
1 0.2875 0.55 0.020833333333333332 0.028125
1 0.3260416666666667 0.54375 0.022916666666666665 0.023958333333333335
3 0.45 0.553125 0.057291666666666664 0.071875
1 0.30416666666666664 0.546875 0.019791666666666666 0.030208333333333334
1 0.478125 0.4322916666666667 0.95625 0.5177083333333333