1 0.13333333333333333 0.684375 0.021875 0.025
1 0.9854166666666667 0.6947916666666667 0.027083333333333334 0.04375
1 0.26145833333333335 0.6802083333333333 0.021875 0.023958333333333335
1 0.946875 0.6708333333333333 0.03333333333333333 0.035416666666666666
1 0.19166666666666668 0.68125 0.021875 0.025
1 0.20625 0.6791666666666667 0.021875 0.025
1 0.11145833333333334 0.6864583333333333 0.0375 0.03125
1 0.22604166666666667 0.6802083333333333 0.021875 0.021875
1 0.8947916666666667 0.6854166666666667 0.040625 0.040625
1 0.15 0.6822916666666666 0.025 0.029166666666666667
1 0.24166666666666667 0.6791666666666667 0.0125 0.016666666666666666
1 0.46145833333333336 0.68125 0.9104166666666667 0.1125