1 0.5322916666666667 0.5145833333333333 0.059375 0.0625
1 0.609375 0.48541666666666666 0.023958333333333335 0.03229166666666667
1 0.6302083333333334 0.484375 0.016666666666666666 0.019791666666666666
1 0.4010416666666667 0.546875 0.11875 0.11041666666666666
0 0.146875 0.46041666666666664 0.29375 0.396875
1 0.6791666666666667 0.4864583333333333 0.015625 0.03854166666666667
1 0.39375 0.48333333333333334 0.029166666666666667 0.011458333333333333
1 0.46979166666666666 0.484375 0.01875 0.01875
1 0.5614583333333333 0.48541666666666666 0.019791666666666666 0.029166666666666667
3 0.584375 0.4895833333333333 0.035416666666666666 0.04479166666666667
3 0.6104166666666667 0.484375 0.022916666666666665 0.03333333333333333
3 0.5354166666666667 0.465625 0.021875 0.035416666666666666