1 0.8385416666666666 0.3458333333333333 0.06875 0.08020833333333334
1 0.84375 0.24895833333333334 0.05520833333333333 0.05625
1 0.740625 0.20416666666666666 0.053125 0.035416666666666666
1 0.6208333333333333 0.17395833333333333 0.04479166666666667 0.030208333333333334
0 0.475 0.453125 0.5604166666666667 0.409375
1 0.5458333333333333 0.15416666666666667 0.03854166666666667 0.030208333333333334
1 0.5125 0.14895833333333333 0.03333333333333333 0.030208333333333334
1 0.46979166666666666 0.14895833333333333 0.020833333333333332 0.025
1 0.42291666666666666 0.134375 0.0375 0.027083333333333334
2 0.6989583333333333 0.19583333333333333 0.015625 0.025
1 0.4895833333333333 0.13958333333333334 0.021875 0.01875
3 0.43645833333333334 0.15208333333333332 0.020833333333333332 0.027083333333333334