2 0.303125 0.5010416666666667 0.59375 0.990625
2 0.690625 0.20208333333333334 0.24166666666666667 0.21145833333333333
2 0.36770833333333336 0.5385416666666667 0.20625 0.175
2 0.5625 0.234375 0.33541666666666664 0.46875
2 0.18333333333333332 0.49895833333333334 0.34479166666666666 0.975
2 0.765625 0.13541666666666666 0.19895833333333332 0.2625
2 0.6708333333333333 0.08854166666666667 0.240625 0.14791666666666667
2 0.8395833333333333 0.09479166666666666 0.16979166666666667 0.18854166666666666
2 0.90625 0.08854166666666667 0.075 0.10520833333333333
2 0.9208333333333333 0.051041666666666666 0.09791666666666667 0.09166666666666666
2 0.4708333333333333 0.46875 0.21770833333333334 0.5333333333333333