0 0.315625 0.5927083333333333 0.16458333333333333 0.24791666666666667
0 0.6333333333333333 0.3375 0.07916666666666666 0.09583333333333334
3 0.5510416666666667 0.43020833333333336 0.06666666666666667 0.09895833333333333
3 0.9260416666666667 0.6583333333333333 0.128125 0.14375
3 0.8114583333333333 0.5416666666666666 0.09375 0.10520833333333333
1 0.096875 0.88125 0.14895833333333333 0.16145833333333334
0 0.640625 0.28020833333333334 0.059375 0.04583333333333333
0 0.69375 0.3145833333333333 0.052083333333333336 0.078125
0 0.546875 0.23333333333333334 0.029166666666666667 0.020833333333333332
0 0.5416666666666666 0.340625 0.05520833333333333 0.06770833333333333
0 0.6135416666666667 0.40729166666666666 0.08020833333333334 0.128125
1 0.075 0.9364583333333333 0.15 0.12291666666666666
1 0.15833333333333333 0.6885416666666667 0.121875 0.1875
1 0.084375 0.6125 0.08333333333333333 0.10104166666666667
1 0.334375 0.76875 0.11145833333333334 0.13125
1 0.128125 0.5395833333333333 0.078125 0.071875
1 0.21979166666666666 0.509375 0.06145833333333333 0.04791666666666667
1 0.20104166666666667 0.46770833333333334 0.06979166666666667 0.07916666666666666
1 0.2677083333333333 0.40625 0.0375 0.041666666666666664
1 0.646875 0.7302083333333333 0.10729166666666666 0.11770833333333333
1 0.684375 0.8802083333333334 0.140625 0.17291666666666666
1 0.9489583333333333 0.9635416666666666 0.09791666666666667 0.04375
2 0.5447916666666667 0.7010416666666667 0.025 0.05625
3 0.803125 0.640625 0.11458333333333333 0.11875
3 0.6020833333333333 0.403125 0.109375 0.12604166666666666
1 0.08958333333333333 0.7875 0.14270833333333333 0.14895833333333333
3 0.3125 0.33645833333333336 0.05416666666666667 0.06354166666666666
3 0.3489583333333333 0.2989583333333333 0.026041666666666668 0.03125
3 0.8697916666666666 0.8635416666666667 0.16041666666666668 0.2
1 0.5 0.6416666666666667 0.99375 0.7125