1 0.07708333333333334 0.6166666666666667 0.15208333333333332 0.240625
1 0.15833333333333333 0.5427083333333333 0.08541666666666667 0.07083333333333333
1 0.35104166666666664 0.521875 0.041666666666666664 0.04895833333333333
1 0.38229166666666664 0.5135416666666667 0.022916666666666665 0.028125
1 0.29270833333333335 0.5072916666666667 0.028125 0.011458333333333333
1 0.4239583333333333 0.503125 0.015625 0.01875
1 0.2375 0.5291666666666667 0.046875 0.04583333333333333
1 0.28854166666666664 0.54375 0.07083333333333333 0.07083333333333333
1 0.6458333333333334 0.5114583333333333 0.026041666666666668 0.034375
1 0.25 0.5083333333333333 0.026041666666666668 0.01875
1 0.30520833333333336 0.5020833333333333 0.017708333333333333 0.021875
1 0.334375 0.5114583333333333 0.013541666666666667 0.03333333333333333
1 0.875 0.525 0.04479166666666667 0.06770833333333333
1 0.565625 0.503125 0.40625 0.058333333333333334