1 0.6270833333333333 0.759375 0.16458333333333333 0.19270833333333334
1 0.3125 0.7229166666666667 0.05416666666666667 0.052083333333333336
1 0.384375 0.6864583333333333 0.017708333333333333 0.026041666666666668
1 0.403125 0.678125 0.022916666666666665 0.021875
1 0.3177083333333333 0.703125 0.04791666666666667 0.05
1 0.5427083333333333 0.7510416666666667 0.05 0.10729166666666666
1 0.18645833333333334 0.721875 0.06145833333333333 0.06979166666666667
1 0.378125 0.69375 0.013541666666666667 0.027083333333333334
1 0.26666666666666666 0.6989583333333333 0.020833333333333332 0.059375
1 0.425 0.6791666666666667 0.025 0.030208333333333334
3 0.5260416666666666 0.6833333333333333 0.03958333333333333 0.040625
3 0.71875 0.7385416666666667 0.06458333333333334 0.09895833333333333
3 0.1875 0.725 0.06666666666666667 0.071875
1 0.446875 0.675 0.016666666666666666 0.017708333333333333
3 0.21875 0.7145833333333333 0.042708333333333334 0.065625
3 0.5364583333333334 0.6510416666666666 0.035416666666666666 0.016666666666666666
3 0.33958333333333335 0.690625 0.04583333333333333 0.06354166666666666
3 0.4239583333333333 0.671875 0.020833333333333332 0.030208333333333334
3 0.921875 0.6520833333333333 0.014583333333333334 0.014583333333333334