1 0.3927083333333333 0.8291666666666667 0.7552083333333334 0.3104166666666667
1 0.5104166666666666 0.6510416666666666 0.109375 0.06875
1 0.7197916666666667 0.7479166666666667 0.13125 0.12916666666666668
0 0.41041666666666665 0.5947916666666667 0.058333333333333334 0.09166666666666666
1 0.6875 0.7145833333333333 0.103125 0.09791666666666667
1 0.6135416666666667 0.79375 0.5083333333333333 0.3572916666666667
1 0.86875 0.709375 0.06354166666666666 0.103125
1 0.8385416666666666 0.70625 0.08333333333333333 0.10833333333333334
1 0.240625 0.6552083333333333 0.05 0.075
1 0.9 0.8385416666666666 0.196875 0.31875
1 0.2635416666666667 0.6354166666666666 0.06145833333333333 0.08020833333333334
1 0.6666666666666666 0.6885416666666667 0.08020833333333334 0.08645833333333333
0 0.51875 0.5520833333333334 0.020833333333333332 0.034375