1 0.6208333333333333 0.259375 0.13958333333333334 0.06458333333333334
1 0.64375 0.19479166666666667 0.11979166666666667 0.07291666666666667
1 0.509375 0.21354166666666666 0.11666666666666667 0.06875
1 0.7770833333333333 0.246875 0.13854166666666667 0.07291666666666667
1 0.7927083333333333 0.19270833333333334 0.11041666666666666 0.057291666666666664
1 0.8614583333333333 0.20208333333333334 0.11666666666666667 0.059375
1 0.415625 0.2625 0.12395833333333334 0.059375
1 0.26145833333333335 0.2833333333333333 0.13541666666666666 0.06041666666666667
1 0.03958333333333333 0.7625 0.07916666666666666 0.11458333333333333
1 0.16666666666666666 0.8604166666666667 0.1375 0.14375
1 0.928125 0.22708333333333333 0.14270833333333333 0.07083333333333333
1 0.959375 0.17916666666666667 0.08020833333333334 0.06666666666666667
1 0.0125 0.29583333333333334 0.025 0.06666666666666667
0 0.026041666666666668 0.634375 0.052083333333333336 0.14583333333333334