1 0.6677083333333333 0.259375 0.13125 0.13333333333333333
1 0.8645833333333334 0.278125 0.20104166666666667 0.14166666666666666
1 0.5208333333333334 0.296875 0.240625 0.24375
1 0.275 0.24479166666666666 0.12291666666666666 0.13958333333333334
1 0.3645833333333333 0.240625 0.08958333333333333 0.09270833333333334
3 0.029166666666666667 0.21875 0.027083333333333334 0.04895833333333333
1 0.5958333333333333 0.23645833333333333 0.08333333333333333 0.115625
1 0.209375 0.228125 0.027083333333333334 0.06354166666666666
1 0.08958333333333333 0.22395833333333334 0.022916666666666665 0.03333333333333333
1 0.096875 0.209375 0.01875 0.011458333333333333
3 0.15 0.18645833333333334 0.08541666666666667 0.15520833333333334
1 0.928125 0.22395833333333334 0.07604166666666666 0.040625