1 0.421875 0.6145833333333334 0.140625 0.11979166666666667
1 0.16666666666666666 0.6354166666666666 0.19895833333333332 0.22708333333333333
1 0.04791666666666667 0.6666666666666666 0.09375 0.2552083333333333
1 0.603125 0.59375 0.065625 0.084375
1 0.640625 0.590625 0.05416666666666667 0.07291666666666667
3 0.4895833333333333 0.590625 0.11979166666666667 0.14583333333333334
3 0.746875 0.5604166666666667 0.13958333333333334 0.15833333333333333
1 0.5666666666666667 0.6 0.057291666666666664 0.084375
1 0.9854166666666667 0.6864583333333333 0.027083333333333334 0.21875
1 0.9166666666666666 0.5927083333333333 0.021875 0.023958333333333335
1 0.896875 0.5739583333333333 0.011458333333333333 0.013541666666666667
1 0.8229166666666666 0.5833333333333334 0.03854166666666667 0.04375
1 0.9708333333333333 0.6260416666666667 0.04583333333333333 0.109375
3 0.16770833333333332 0.63125 0.196875 0.22708333333333333
1 0.9645833333333333 0.5916666666666667 0.040625 0.0375