1 0.6104166666666667 0.5520833333333334 0.42916666666666664 0.440625
1 0.3375 0.415625 0.13333333333333333 0.146875
1 0.6666666666666666 0.325 0.09583333333333334 0.06666666666666667
1 0.534375 0.32395833333333335 0.051041666666666666 0.023958333333333335
1 0.4791666666666667 0.3260416666666667 0.046875 0.03854166666666667
1 0.45 0.325 0.03333333333333333 0.03125
1 0.38645833333333335 0.3260416666666667 0.022916666666666665 0.022916666666666665
1 0.3697916666666667 0.325 0.021875 0.021875
1 0.3020833333333333 0.325 0.020833333333333332 0.022916666666666665
1 0.425 0.32083333333333336 0.04583333333333333 0.041666666666666664
1 0.22291666666666668 0.328125 0.01875 0.01875
1 0.5895833333333333 0.31666666666666665 0.06666666666666667 0.041666666666666664