1 0.865625 0.496875 0.036458333333333336 0.0375
1 0.6 0.3875 0.007291666666666667 0.013541666666666667
3 0.890625 0.4625 0.041666666666666664 0.03854166666666667
3 0.49270833333333336 0.8427083333333333 0.10625 0.10833333333333334
3 0.9020833333333333 0.90625 0.12291666666666666 0.11354166666666667
3 0.7770833333333333 0.8885416666666667 0.24583333333333332 0.13854166666666667
3 0.525 0.3927083333333333 0.020833333333333332 0.030208333333333334
3 0.48020833333333335 0.38333333333333336 0.025 0.021875
1 0.4864583333333333 0.853125 0.09270833333333334 0.103125
3 0.8604166666666667 0.49583333333333335 0.04895833333333333 0.035416666666666666
3 0.9041666666666667 0.5260416666666666 0.04479166666666667 0.029166666666666667
3 0.11770833333333333 0.4125 0.03854166666666667 0.03229166666666667
1 0.9666666666666667 0.884375 0.058333333333333334 0.11041666666666666
3 0.9395833333333333 0.5020833333333333 0.052083333333333336 0.05520833333333333