3 0.49166666666666664 0.5041666666666667 0.6447916666666667 0.6229166666666667
1 0.146875 0.6927083333333334 0.2875 0.5854166666666667
1 0.11041666666666666 0.3927083333333333 0.14895833333333333 0.14895833333333333
1 0.20833333333333334 0.3854166666666667 0.07395833333333333 0.10416666666666667
1 0.7479166666666667 0.3614583333333333 0.13958333333333334 0.08958333333333333
1 0.8145833333333333 0.346875 0.058333333333333334 0.06145833333333333
1 0.9354166666666667 0.34791666666666665 0.11666666666666667 0.084375
1 0.959375 0.3229166666666667 0.07083333333333333 0.046875
1 0.5822916666666667 0.3458333333333333 0.07395833333333333 0.06979166666666667
1 0.778125 0.315625 0.015625 0.017708333333333333
1 0.051041666666666666 0.37395833333333334 0.052083333333333336 0.071875