1 0.08645833333333333 0.8354166666666667 0.153125 0.11458333333333333
1 0.19166666666666668 0.821875 0.11979166666666667 0.08541666666666667
1 0.035416666666666666 0.7697916666666667 0.026041666666666668 0.020833333333333332
1 0.7145833333333333 0.7635416666666667 0.035416666666666666 0.016666666666666666
1 0.6760416666666667 0.7645833333333333 0.040625 0.013541666666666667
1 0.7635416666666667 0.7635416666666667 0.015625 0.013541666666666667
1 0.7895833333333333 0.7625 0.05520833333333333 0.019791666666666666
3 0.484375 0.8583333333333333 0.3385416666666667 0.17083333333333334
1 0.9739583333333334 0.8125 0.04791666666666667 0.07916666666666666
1 0.8770833333333333 0.7572916666666667 0.05520833333333333 0.016666666666666666
1 0.010416666666666666 0.7770833333333333 0.019791666666666666 0.023958333333333335
1 0.007291666666666667 0.821875 0.014583333333333334 0.059375
1 0.9708333333333333 0.7572916666666667 0.057291666666666664 0.019791666666666666
3 0.8583333333333333 0.7552083333333334 0.021875 0.016666666666666666
3 0.9739583333333334 0.8135416666666667 0.04791666666666667 0.07708333333333334
3 0.296875 0.771875 0.040625 0.027083333333333334
1 0.4822916666666667 0.8489583333333334 0.34791666666666665 0.19375