1 0.26145833333333335 0.59375 0.28958333333333336 0.1125
1 0.052083333333333336 0.609375 0.103125 0.065625
1 0.6260416666666667 0.5666666666666667 0.07395833333333333 0.028125
1 0.41458333333333336 0.58125 0.13645833333333332 0.04895833333333333
1 0.971875 0.6041666666666666 0.052083333333333336 0.09375
1 0.05416666666666667 0.5833333333333334 0.10833333333333334 0.03854166666666667
3 0.25833333333333336 0.59375 0.29791666666666666 0.11666666666666667
3 0.7135416666666666 0.5666666666666667 0.078125 0.057291666666666664
0 0.7395833333333334 0.53125 0.10833333333333334 0.019791666666666666
1 0.4979166666666667 0.5697916666666667 0.084375 0.03854166666666667
1 0.5645833333333333 0.5666666666666667 0.06458333333333334 0.034375
0 0.11875 0.5375 0.12916666666666668 0.053125