1 0.06770833333333333 0.703125 0.11875 0.109375
1 0.9197916666666667 0.5958333333333333 0.029166666666666667 0.05
1 0.9520833333333333 0.590625 0.017708333333333333 0.046875
2 0.6479166666666667 0.7177083333333333 0.09479166666666666 0.190625
2 0.5760416666666667 0.7270833333333333 0.042708333333333334 0.146875
0 0.809375 0.5885416666666666 0.18229166666666666 0.16875
2 0.43645833333333334 0.725 0.08333333333333333 0.10729166666666666
2 0.253125 0.7260416666666667 0.035416666666666666 0.08229166666666667
2 0.234375 0.71875 0.04583333333333333 0.07708333333333334
2 0.5145833333333333 0.7239583333333334 0.0625 0.14895833333333333
2 0.3927083333333333 0.71875 0.03229166666666667 0.1
2 0.3333333333333333 0.7208333333333333 0.07708333333333334 0.11666666666666667
2 0.38333333333333336 0.6864583333333333 0.03333333333333333 0.13229166666666667
3 0.9416666666666667 0.5489583333333333 0.035416666666666666 0.04583333333333333
0 0.4375 0.5947916666666667 0.18541666666666667 0.071875
2 0.2947916666666667 0.7197916666666667 0.03333333333333333 0.09791666666666667
2 0.184375 0.7270833333333333 0.042708333333333334 0.09791666666666667
1 0.9052083333333333 0.6020833333333333 0.021875 0.059375
1 0.9895833333333334 0.58125 0.014583333333333334 0.040625
2 0.48854166666666665 0.7239583333333334 0.027083333333333334 0.109375
3 0.06666666666666667 0.6989583333333333 0.10104166666666667 0.11666666666666667