1 0.5614583333333333 0.19895833333333332 0.027083333333333334 0.04479166666666667
1 0.5916666666666667 0.18958333333333333 0.04895833333333333 0.03854166666666667
1 0.8770833333333333 0.17083333333333334 0.023958333333333335 0.026041666666666668
1 0.5229166666666667 0.19166666666666668 0.06145833333333333 0.07708333333333334
1 0.5979166666666667 0.165625 0.028125 0.041666666666666664
3 0.30104166666666665 0.17291666666666666 0.21770833333333334 0.18541666666666667
1 0.9854166666666667 0.17291666666666666 0.025 0.028125
1 0.971875 0.17395833333333333 0.00625 0.01875
1 0.9489583333333333 0.17291666666666666 0.025 0.022916666666666665
3 0.5458333333333333 0.15104166666666666 0.078125 0.0375
3 0.4625 0.171875 0.11875 0.12395833333333334
3 0.6979166666666666 0.14166666666666666 0.05520833333333333 0.014583333333333334
3 0.91875 0.16875 0.036458333333333336 0.03229166666666667
1 0.896875 0.17291666666666666 0.016666666666666666 0.022916666666666665
3 0.784375 0.16354166666666667 0.052083333333333336 0.04895833333333333
1 0.91875 0.16875 0.034375 0.03229166666666667