1 0.13958333333333334 0.4395833333333333 0.16354166666666667 0.07708333333333334
1 0.9072916666666667 0.4739583333333333 0.18229166666666666 0.08020833333333334
1 0.23958333333333334 0.4166666666666667 0.09375 0.05625
2 0.540625 0.6635416666666667 0.3177083333333333 0.42604166666666665
2 0.7875 0.60625 0.2552083333333333 0.2760416666666667
2 0.33645833333333336 0.6145833333333334 0.17291666666666666 0.2760416666666667
2 0.259375 0.5645833333333333 0.08333333333333333 0.07395833333333333
1 0.6458333333333334 0.44166666666666665 0.09479166666666666 0.03229166666666667
1 0.03333333333333333 0.4427083333333333 0.065625 0.12083333333333333
1 0.4552083333333333 0.403125 0.040625 0.020833333333333332
1 0.6375 0.421875 0.10208333333333333 0.027083333333333334
1 0.96875 0.6677083333333333 0.058333333333333334 0.10625
2 0.9010416666666666 0.58125 0.19375 0.153125