0 0.37083333333333335 0.5083333333333333 0.2833333333333333 0.41875
1 0.8875 0.615625 0.12395833333333334 0.17916666666666667
1 0.9583333333333334 0.6229166666666667 0.08125 0.215625
1 0.6791666666666667 0.5666666666666667 0.13958333333333334 0.12291666666666666
1 0.08958333333333333 0.8458333333333333 0.17291666666666666 0.30416666666666664
1 0.058333333333333334 0.6760416666666667 0.11041666666666666 0.27395833333333336
1 0.042708333333333334 0.5489583333333333 0.08541666666666667 0.10208333333333333
1 0.5583333333333333 0.5802083333333333 0.06458333333333334 0.09479166666666666
1 0.9833333333333333 0.6541666666666667 0.029166666666666667 0.16666666666666666
1 0.10625 0.46145833333333336 0.030208333333333334 0.03333333333333333
1 0.046875 0.5260416666666666 0.09270833333333334 0.08958333333333333
1 0.634375 0.5552083333333333 0.11458333333333333 0.146875
1 0.04895833333333333 0.50625 0.09791666666666667 0.09583333333333334
1 0.5260416666666666 0.578125 0.052083333333333336 0.09270833333333334
1 0.12291666666666666 0.3885416666666667 0.14375 0.30416666666666664