1 0.45416666666666666 0.178125 0.49270833333333336 0.25833333333333336
2 0.48125 0.5604166666666667 0.9354166666666667 0.7802083333333333
2 0.4822916666666667 0.23020833333333332 0.38125 0.359375
1 0.6395833333333333 0.12395833333333334 0.20729166666666668 0.09791666666666667
1 0.065625 0.09583333333333334 0.115625 0.06666666666666667
1 0.23333333333333334 0.08229166666666667 0.153125 0.06666666666666667
1 0.14479166666666668 0.1375 0.28854166666666664 0.16458333333333333
1 0.228125 0.0625 0.14479166666666668 0.051041666666666666
1 0.509375 0.06458333333333334 0.06770833333333333 0.058333333333333334
1 0.915625 0.05 0.035416666666666666 0.03958333333333333
1 0.7541666666666667 0.05625 0.016666666666666666 0.019791666666666666
1 0.6239583333333333 0.06875 0.04895833333333333 0.028125
2 0.48854166666666665 0.215625 0.22916666666666666 0.09270833333333334
1 0.39791666666666664 0.04791666666666667 0.078125 0.016666666666666666