1 0.28125 0.38645833333333335 0.021875 0.021875
1 0.30416666666666664 0.36770833333333336 0.028125 0.030208333333333334
1 0.6729166666666667 0.434375 0.03333333333333333 0.023958333333333335
1 0.7072916666666667 0.44375 0.035416666666666666 0.027083333333333334
1 0.7822916666666667 0.46875 0.025 0.021875
1 0.6166666666666667 0.42083333333333334 0.023958333333333335 0.019791666666666666
1 0.19583333333333333 0.434375 0.026041666666666668 0.026041666666666668
1 0.5052083333333334 0.38958333333333334 0.021875 0.01875
1 0.8385416666666666 0.484375 0.03125 0.023958333333333335
1 0.171875 0.446875 0.025 0.025
1 0.278125 0.3645833333333333 0.017708333333333333 0.019791666666666666
1 0.05520833333333333 0.45 0.019791666666666666 0.016666666666666666
1 0.071875 0.45729166666666665 0.022916666666666665 0.023958333333333335
1 0.34270833333333334 0.403125 0.6833333333333333 0.14479166666666668