1 0.071875 0.8385416666666666 0.14375 0.18125
1 0.128125 0.7385416666666667 0.09375 0.13958333333333334
1 0.6125 0.7645833333333333 0.08958333333333333 0.128125
1 0.7052083333333333 0.7260416666666667 0.13229166666666667 0.15520833333333334
1 0.603125 0.671875 0.10833333333333334 0.08958333333333333
1 0.8802083333333334 0.6708333333333333 0.13645833333333332 0.06354166666666666
1 0.5 0.78125 0.20625 0.22083333333333333
1 0.17083333333333334 0.6979166666666666 0.10625 0.11458333333333333
1 0.023958333333333335 0.628125 0.04791666666666667 0.053125
1 0.3697916666666667 0.6916666666666667 0.084375 0.10104166666666667
1 0.4010416666666667 0.6229166666666667 0.07291666666666667 0.06354166666666666
1 0.6135416666666667 0.9114583333333334 0.38125 0.17083333333333334
1 0.30520833333333336 0.7666666666666667 0.175 0.21770833333333334
1 0.49895833333333334 0.7802083333333333 0.9979166666666667 0.4354166666666667