1 0.9072916666666667 0.6729166666666667 0.14791666666666667 0.15
1 0.978125 0.640625 0.03958333333333333 0.05625
1 0.7364583333333333 0.6260416666666667 0.05416666666666667 0.041666666666666664
1 0.24479166666666666 0.6625 0.03958333333333333 0.04791666666666667
3 0.3697916666666667 0.6416666666666667 0.22083333333333333 0.3125
1 0.21666666666666667 0.6729166666666667 0.029166666666666667 0.03854166666666667
3 0.16458333333333333 0.671875 0.08854166666666667 0.084375
3 0.03958333333333333 0.7020833333333333 0.078125 0.13125
3 0.8770833333333333 0.6239583333333333 0.20520833333333333 0.09270833333333334
1 0.75 0.634375 0.03958333333333333 0.04895833333333333
1 0.09583333333333334 0.6833333333333333 0.034375 0.028125
0 0.37604166666666666 0.634375 0.23229166666666667 0.309375
1 0.546875 0.6520833333333333 0.058333333333333334 0.042708333333333334
1 0.265625 0.665625 0.005208333333333333 0.017708333333333333