1 0.5229166666666667 0.728125 0.017708333333333333 0.010416666666666666
1 0.4895833333333333 0.7395833333333334 0.016666666666666666 0.011458333333333333
1 0.490625 0.7083333333333334 0.015625 0.008333333333333333
1 0.5791666666666667 0.7385416666666667 0.020833333333333332 0.011458333333333333
1 0.5489583333333333 0.7260416666666667 0.015625 0.009375
1 0.5708333333333333 0.7333333333333333 0.015625 0.009375
1 0.5541666666666667 0.74375 0.019791666666666666 0.008333333333333333
1 0.5302083333333333 0.7114583333333333 0.013541666666666667 0.008333333333333333
1 0.47291666666666665 0.7052083333333333 0.017708333333333333 0.008333333333333333
1 0.43854166666666666 0.69375 0.027083333333333334 0.00625
1 0.51875 0.7145833333333333 0.014583333333333334 0.008333333333333333
1 0.64375 0.7302083333333333 0.010416666666666666 0.007291666666666667
1 0.28229166666666666 0.7916666666666666 0.011458333333333333 0.011458333333333333
1 0.4197916666666667 0.7583333333333333 0.10729166666666666 0.13333333333333333