1 0.5479166666666667 0.30833333333333335 0.04375 0.027083333333333334
0 0.115625 0.08645833333333333 0.06145833333333333 0.05625
1 0.375 0.19166666666666668 0.036458333333333336 0.022916666666666665
1 0.3416666666666667 0.17708333333333334 0.035416666666666666 0.019791666666666666
1 0.33229166666666665 0.16770833333333332 0.023958333333333335 0.021875
1 0.30104166666666665 0.14791666666666667 0.034375 0.021875
1 0.11770833333333333 0.1875 0.030208333333333334 0.027083333333333334
1 0.3177083333333333 0.1625 0.030208333333333334 0.020833333333333332
1 0.315625 0.09895833333333333 0.022916666666666665 0.025
1 0.16041666666666668 0.171875 0.03958333333333333 0.027083333333333334
1 0.07916666666666666 0.2 0.0375 0.025
1 0.04375 0.21458333333333332 0.03854166666666667 0.026041666666666668
1 0.06041666666666667 0.07916666666666666 0.03125 0.025
1 0.090625 0.15833333333333333 0.0375 0.036458333333333336
1 0.15416666666666667 0.115625 0.30625 0.12291666666666666