1 0.9635416666666666 0.4708333333333333 0.027083333333333334 0.03125
1 0.484375 0.440625 0.015625 0.021875
1 0.6770833333333334 0.45729166666666665 0.040625 0.023958333333333335
1 0.4125 0.4395833333333333 0.034375 0.022916666666666665
1 0.33541666666666664 0.43125 0.016666666666666666 0.019791666666666666
3 0.5729166666666666 0.446875 0.03229166666666667 0.030208333333333334
1 0.9364583333333333 0.46770833333333334 0.034375 0.03229166666666667
1 0.49895833333333334 0.44375 0.034375 0.020833333333333332
1 0.23020833333333332 0.4239583333333333 0.025 0.019791666666666666
1 0.13541666666666666 0.42083333333333334 0.016666666666666666 0.030208333333333334
1 0.2 0.42083333333333334 0.023958333333333335 0.021875
1 0.36041666666666666 0.4322916666666667 0.009375 0.017708333333333333
3 0.9395833333333333 0.46770833333333334 0.03958333333333333 0.035416666666666666
1 0.12083333333333333 0.4166666666666667 0.025 0.021875