1 0.8041666666666667 0.33645833333333336 0.07083333333333333 0.052083333333333336
1 0.70625 0.3302083333333333 0.065625 0.046875
1 0.621875 0.31875 0.07083333333333333 0.04791666666666667
1 0.30416666666666664 0.2916666666666667 0.019791666666666666 0.025
1 0.34479166666666666 0.2947916666666667 0.03229166666666667 0.025
1 0.4125 0.3020833333333333 0.04583333333333333 0.030208333333333334
1 0.46770833333333334 0.30833333333333335 0.05416666666666667 0.03333333333333333
1 0.584375 0.31875 0.053125 0.03854166666666667
1 0.6614583333333334 0.3260416666666667 0.06666666666666667 0.04479166666666667
1 0.75 0.3333333333333333 0.06875 0.046875
1 0.5520833333333334 0.31666666666666665 0.058333333333333334 0.03854166666666667
1 0.375 0.29791666666666666 0.04791666666666667 0.027083333333333334
1 0.9385416666666667 0.3416666666666667 0.075 0.053125
1 0.5 0.30833333333333335 0.996875 0.11666666666666667