1 0.36770833333333336 0.5875 0.13020833333333334 0.1375
1 0.596875 0.5802083333333333 0.11770833333333333 0.12916666666666668
1 0.5645833333333333 0.5604166666666667 0.10208333333333333 0.11666666666666667
1 0.3854166666666667 0.5364583333333334 0.12083333333333333 0.11875
1 0.471875 0.5166666666666667 0.05520833333333333 0.07291666666666667
1 0.49270833333333336 0.4979166666666667 0.040625 0.05520833333333333
1 0.528125 0.4822916666666667 0.027083333333333334 0.034375
1 0.40729166666666666 0.5291666666666667 0.10104166666666667 0.12708333333333333
1 0.4583333333333333 0.5354166666666667 0.026041666666666668 0.08333333333333333
1 0.484375 0.4666666666666667 0.05625 0.035416666666666666
1 0.5885416666666666 0.490625 0.090625 0.05520833333333333