1 0.6614583333333334 0.46145833333333336 0.140625 0.1125
1 0.8520833333333333 0.4427083333333333 0.036458333333333336 0.075
1 0.5635416666666667 0.42291666666666666 0.06458333333333334 0.06145833333333333
1 0.5208333333333334 0.409375 0.030208333333333334 0.028125
1 0.4895833333333333 0.4125 0.04479166666666667 0.04791666666666667
1 0.6208333333333333 0.421875 0.051041666666666666 0.042708333333333334
2 0.5583333333333333 0.5885416666666666 0.16145833333333334 0.25729166666666664
1 0.421875 0.4114583333333333 0.035416666666666666 0.04479166666666667
3 0.7645833333333333 0.4395833333333333 0.153125 0.11458333333333333
3 0.37395833333333334 0.39375 0.06979166666666667 0.1
3 0.4895833333333333 0.41041666666666665 0.04375 0.052083333333333336