1 0.31875 0.40520833333333334 0.24479166666666666 0.16041666666666668
1 0.540625 0.3072916666666667 0.090625 0.09791666666666667
1 0.9125 0.49895833333333334 0.16770833333333332 0.18020833333333333
1 0.19583333333333333 0.3458333333333333 0.20520833333333333 0.13333333333333333
1 0.046875 0.365625 0.09375 0.08125
1 0.7791666666666667 0.375 0.2125 0.1125
3 0.41458333333333336 0.22291666666666668 0.2375 0.18958333333333333
1 0.540625 0.2125 0.052083333333333336 0.041666666666666664
1 0.559375 0.19791666666666666 0.078125 0.035416666666666666
1 0.08541666666666667 0.29583333333333334 0.16979166666666667 0.07083333333333333
1 0.178125 0.22708333333333333 0.09583333333333334 0.053125
1 0.6416666666666667 0.2677083333333333 0.13645833333333332 0.09479166666666666
1 0.24791666666666667 0.253125 0.12083333333333333 0.059375
3 0.6364583333333333 0.16770833333333332 0.12708333333333333 0.06666666666666667
3 0.8322916666666667 0.328125 0.20833333333333334 0.11666666666666667
3 0.21979166666666666 0.1625 0.09583333333333334 0.06875
3 0.5666666666666667 0.13645833333333332 0.04375 0.027083333333333334
3 0.7479166666666667 0.1625 0.04375 0.03229166666666667
3 0.5760416666666667 0.7958333333333333 0.640625 0.3875
1 0.42083333333333334 0.215625 0.78125 0.20208333333333334