1 0.7020833333333333 0.6010416666666667 0.03958333333333333 0.04895833333333333
1 0.7583333333333333 0.584375 0.04479166666666667 0.058333333333333334
1 0.759375 0.5270833333333333 0.030208333333333334 0.027083333333333334
1 0.7541666666666667 0.6489583333333333 0.042708333333333334 0.051041666666666666
1 0.8822916666666667 0.784375 0.08229166666666667 0.1125
3 0.6708333333333333 0.5333333333333333 0.04583333333333333 0.06875
1 0.9625 0.5802083333333333 0.071875 0.05416666666666667
1 0.8072916666666666 0.5708333333333333 0.040625 0.034375
1 0.9864583333333333 0.603125 0.022916666666666665 0.035416666666666666
1 0.8197916666666667 0.6770833333333334 0.05625 0.0625
1 0.6989583333333333 0.6552083333333333 0.0625 0.058333333333333334
1 0.6395833333333333 0.5822916666666667 0.030208333333333334 0.035416666666666666
3 0.7177083333333333 0.509375 0.04895833333333333 0.08229166666666667
3 0.9572916666666667 0.5479166666666667 0.08333333333333333 0.052083333333333336