1 0.390625 0.39895833333333336 0.009375 0.010416666666666666
1 0.38645833333333335 0.45 0.0125 0.020833333333333332
1 0.3885416666666667 0.4125 0.011458333333333333 0.014583333333333334
1 0.3927083333333333 0.4395833333333333 0.0125 0.01875
1 0.421875 0.3958333333333333 0.00625 0.014583333333333334
1 0.396875 0.425 0.013541666666666667 0.010416666666666666
1 0.265625 0.41458333333333336 0.013541666666666667 0.021875
1 0.35520833333333335 0.4395833333333333 0.017708333333333333 0.013541666666666667
1 0.38125 0.40625 0.007291666666666667 0.014583333333333334
1 0.409375 0.3958333333333333 0.010416666666666666 0.0125
1 0.3958333333333333 0.40729166666666666 0.008333333333333333 0.013541666666666667