0 0.39895833333333336 0.759375 0.28958333333333336 0.17604166666666668
0 0.1 0.696875 0.2 0.11770833333333333
0 0.42916666666666664 0.6020833333333333 0.13854166666666667 0.05625
0 0.675 0.63125 0.17916666666666667 0.04479166666666667
0 0.6322916666666667 0.5875 0.13541666666666666 0.027083333333333334
0 0.7416666666666667 0.6208333333333333 0.12916666666666668 0.06145833333333333
0 0.5791666666666667 0.615625 0.15104166666666666 0.04375
0 0.225 0.56875 0.0875 0.040625
0 0.5791666666666667 0.56875 0.10104166666666667 0.03958333333333333
0 0.47708333333333336 0.5614583333333333 0.1 0.028125
0 0.803125 0.6020833333333333 0.07604166666666666 0.06770833333333333
0 0.2989583333333333 0.596875 0.14166666666666666 0.046875
0 0.340625 0.5708333333333333 0.11145833333333334 0.016666666666666666
0 0.5145833333333333 0.5635416666666667 0.4125 0.09375