1 0.90625 0.30104166666666665 0.184375 0.18020833333333333
1 0.06666666666666667 0.4041666666666667 0.109375 0.10729166666666666
1 0.6645833333333333 0.30520833333333336 0.029166666666666667 0.05520833333333333
2 0.47708333333333336 0.6052083333333333 0.28020833333333334 0.24895833333333334
3 0.51875 0.2708333333333333 0.2833333333333333 0.48125
3 0.3260416666666667 0.3416666666666667 0.14791666666666667 0.275
3 0.19791666666666666 0.3541666666666667 0.042708333333333334 0.051041666666666666
3 0.7520833333333333 0.28125 0.12708333333333333 0.10416666666666667
1 0.6979166666666666 0.28125 0.051041666666666666 0.0625
1 0.16979166666666667 0.35833333333333334 0.014583333333333334 0.0375
1 0.16145833333333334 0.35104166666666664 0.013541666666666667 0.025
1 0.14895833333333333 0.3541666666666667 0.009375 0.014583333333333334