1 0.09375 0.5020833333333333 0.11666666666666667 0.07604166666666666
1 0.5041666666666667 0.553125 0.22083333333333333 0.13229166666666667
1 0.6322916666666667 0.5260416666666666 0.11875 0.08020833333333334
1 0.28854166666666664 0.48541666666666666 0.090625 0.06041666666666667
1 0.3385416666666667 0.48333333333333334 0.057291666666666664 0.057291666666666664
1 0.65625 0.509375 0.11354166666666667 0.078125
1 0.840625 0.48541666666666666 0.034375 0.03229166666666667
1 0.5583333333333333 0.475 0.042708333333333334 0.020833333333333332
1 0.034375 0.5083333333333333 0.06875 0.075
1 0.16875 0.49583333333333335 0.09166666666666666 0.06458333333333334
1 0.6791666666666667 0.503125 0.115625 0.06770833333333333
1 0.22395833333333334 0.49375 0.07916666666666666 0.057291666666666664