2 0.484375 0.8197916666666667 0.053125 0.09270833333333334
2 0.8291666666666667 0.7270833333333333 0.040625 0.071875
2 0.7625 0.6666666666666666 0.03125 0.058333333333333334
2 0.734375 0.6385416666666667 0.023958333333333335 0.058333333333333334
2 0.6614583333333334 0.4875 0.028125 0.035416666666666666
2 0.503125 0.5177083333333333 0.015625 0.021875
2 0.4625 0.521875 0.019791666666666666 0.027083333333333334
2 0.6302083333333334 0.5375 0.022916666666666665 0.03958333333333333
2 0.440625 0.8260416666666667 0.06145833333333333 0.06979166666666667
2 0.8572916666666667 0.7645833333333333 0.05416666666666667 0.08020833333333334
2 0.8083333333333333 0.7052083333333333 0.035416666666666666 0.08125
2 0.7916666666666666 0.6916666666666667 0.029166666666666667 0.07708333333333334
2 0.6979166666666666 0.6510416666666666 0.5083333333333333 0.3770833333333333