1 0.0875 0.359375 0.17291666666666666 0.17291666666666666
1 0.19791666666666666 0.321875 0.19479166666666667 0.13333333333333333
1 0.27395833333333336 0.278125 0.20729166666666668 0.13958333333333334
3 0.953125 0.16875 0.09270833333333334 0.115625
1 0.40729166666666666 0.240625 0.16145833333333334 0.13020833333333334
1 0.6447916666666667 0.16875 0.071875 0.03854166666666667
1 0.6145833333333334 0.196875 0.07604166666666666 0.078125
1 0.10729166666666666 0.265625 0.09895833333333333 0.030208333333333334
1 0.16354166666666667 0.24166666666666667 0.07604166666666666 0.035416666666666666
3 0.509375 0.22708333333333333 0.09166666666666666 0.10416666666666667
3 0.5697916666666667 0.21875 0.03958333333333333 0.057291666666666664