1 0.2552083333333333 0.5895833333333333 0.25104166666666666 0.20208333333333334
1 0.4510416666666667 0.590625 0.08333333333333333 0.1125
1 0.07291666666666667 0.6947916666666667 0.14583333333333334 0.25104166666666666
1 0.040625 0.5885416666666666 0.07916666666666666 0.08125
1 0.08645833333333333 0.5760416666666667 0.103125 0.07708333333333334
1 0.6041666666666666 0.5625 0.051041666666666666 0.06770833333333333
0 0.41875 0.5083333333333333 0.146875 0.0875
1 0.6697916666666667 0.5458333333333333 0.053125 0.028125
1 0.4947916666666667 0.5458333333333333 0.036458333333333336 0.035416666666666666
1 0.6364583333333333 0.5625 0.035416666666666666 0.052083333333333336
1 0.575 0.5739583333333333 0.057291666666666664 0.06770833333333333
1 0.5072916666666667 0.575 0.1125 0.11979166666666667
1 0.55 0.5354166666666667 0.020833333333333332 0.027083333333333334