1 0.6854166666666667 0.5104166666666666 0.6177083333333333 0.6416666666666667
1 0.11354166666666667 0.28958333333333336 0.21770833333333334 0.12708333333333333
1 0.5052083333333334 0.25416666666666665 0.18125 0.090625
1 0.16666666666666666 0.22395833333333334 0.078125 0.07708333333333334
3 0.234375 0.21875 0.09895833333333333 0.07708333333333334
3 0.240625 0.16354166666666667 0.09583333333333334 0.07395833333333333
3 0.08645833333333333 0.20833333333333334 0.17083333333333334 0.11145833333333334
3 0.16458333333333333 0.17083333333333334 0.06145833333333333 0.057291666666666664
1 0.81875 0.246875 0.17708333333333334 0.08333333333333333
0 0.8583333333333333 0.3645833333333333 0.2791666666666667 0.225
1 0.5197916666666667 0.20416666666666666 0.07291666666666667 0.03229166666666667