1 0.5708333333333333 0.4583333333333333 0.036458333333333336 0.08541666666666667
2 0.16145833333333334 0.821875 0.18229166666666666 0.35520833333333335
2 0.36041666666666666 0.7416666666666667 0.09479166666666666 0.31979166666666664
2 0.49895833333333334 0.5072916666666667 0.028125 0.10625
3 0.809375 0.6791666666666667 0.365625 0.6302083333333334
3 0.609375 0.41875 0.036458333333333336 0.096875
1 0.04375 0.7104166666666667 0.0875 0.4166666666666667
1 0.24791666666666667 0.5635416666666667 0.09166666666666666 0.23541666666666666
1 0.58125 0.440625 0.030208333333333334 0.07916666666666666
1 0.6822916666666666 0.3958333333333333 0.019791666666666666 0.053125
3 0.6510416666666666 0.4375 0.03333333333333333 0.09791666666666667