1 0.30416666666666664 0.7395833333333334 0.09583333333333334 0.08541666666666667
1 0.5739583333333333 0.7385416666666667 0.05520833333333333 0.06145833333333333
1 0.4708333333333333 0.7229166666666667 0.03125 0.028125
1 0.51875 0.721875 0.020833333333333332 0.022916666666666665
1 0.4125 0.7395833333333334 0.013541666666666667 0.035416666666666666
1 0.7010416666666667 0.74375 0.07708333333333334 0.09375
1 0.6479166666666667 0.73125 0.052083333333333336 0.05625
1 0.6020833333333333 0.7208333333333333 0.01875 0.019791666666666666
1 0.490625 0.721875 0.015625 0.025
3 0.36770833333333336 0.725 0.07604166666666666 0.08854166666666667
3 0.596875 0.6927083333333334 0.014583333333333334 0.026041666666666668
3 0.5645833333333333 0.7114583333333333 0.0625 0.084375
1 0.49895833333333334 0.71875 0.014583333333333334 0.022916666666666665