1 0.15 0.534375 0.228125 0.11145833333333334
1 0.2635416666666667 0.5333333333333333 0.17708333333333334 0.11666666666666667
1 0.3375 0.5302083333333333 0.178125 0.125
1 0.40208333333333335 0.5052083333333334 0.08854166666666667 0.057291666666666664
1 0.703125 0.5208333333333334 0.203125 0.10104166666666667
1 0.7572916666666667 0.5072916666666667 0.190625 0.11770833333333333
1 0.9239583333333333 0.5010416666666667 0.14791666666666667 0.13125
1 0.042708333333333334 0.5510416666666667 0.08541666666666667 0.10625
1 0.8635416666666667 0.5208333333333334 0.10833333333333334 0.09270833333333334
1 0.16666666666666666 0.46770833333333334 0.14166666666666666 0.027083333333333334
1 0.034375 0.48541666666666666 0.06875 0.05625