2 0.6291666666666667 0.578125 0.042708333333333334 0.08645833333333333
1 0.7072916666666667 0.5458333333333333 0.059375 0.06145833333333333
1 0.6708333333333333 0.540625 0.04375 0.053125
1 0.946875 0.5729166666666666 0.08958333333333333 0.084375
1 0.36770833333333336 0.540625 0.058333333333333334 0.059375
1 0.43020833333333336 0.5229166666666667 0.027083333333333334 0.035416666666666666
3 0.3958333333333333 0.5197916666666667 0.04791666666666667 0.05416666666666667
1 0.8510416666666667 0.615625 0.20833333333333334 0.17083333333333334
1 0.34270833333333334 0.5354166666666667 0.022916666666666665 0.053125
1 0.415625 0.5177083333333333 0.004166666666666667 0.023958333333333335
1 0.47291666666666665 0.5302083333333333 0.013541666666666667 0.035416666666666666
1 0.4583333333333333 0.5291666666666667 0.016666666666666666 0.028125
1 0.5197916666666667 0.5385416666666667 0.078125 0.09479166666666666