1 0.9114583333333334 0.746875 0.16041666666666668 0.12916666666666668
0 0.6635416666666667 0.690625 0.19479166666666667 0.10520833333333333
0 0.39375 0.6947916666666667 0.11770833333333333 0.06145833333333333
0 0.5104166666666666 0.6864583333333333 0.121875 0.05
1 0.8197916666666667 0.7104166666666667 0.084375 0.071875
1 0.3125 0.7114583333333333 0.04479166666666667 0.034375
1 0.515625 0.7125 0.09479166666666666 0.05
1 0.11458333333333333 0.7197916666666667 0.015625 0.030208333333333334
1 0.075 0.715625 0.036458333333333336 0.026041666666666668
1 0.05416666666666667 0.715625 0.022916666666666665 0.026041666666666668
3 0.9416666666666667 0.6614583333333334 0.09166666666666666 0.10520833333333333
1 0.4375 0.7114583333333333 0.07395833333333333 0.04479166666666667
1 0.871875 0.7270833333333333 0.08958333333333333 0.0625