1 0.6614583333333334 0.7333333333333333 0.04479166666666667 0.035416666666666666
1 0.915625 0.73125 0.09895833333333333 0.03958333333333333
1 0.9697916666666667 0.7302083333333333 0.05625 0.06041666666666667
1 0.34270833333333334 0.7375 0.17604166666666668 0.053125
1 0.6791666666666667 0.7270833333333333 0.04791666666666667 0.03333333333333333
3 0.103125 0.7083333333333334 0.20104166666666667 0.16145833333333334
3 0.5854166666666667 0.7302083333333333 0.12708333333333333 0.084375
3 0.4427083333333333 0.7302083333333333 0.078125 0.03854166666666667
3 0.20208333333333334 0.7052083333333333 0.11875 0.13333333333333333
1 0.10208333333333333 0.70625 0.19375 0.15416666666666667
1 0.5833333333333334 0.7302083333333333 0.121875 0.08229166666666667