0 0.475 0.6229166666666667 0.11875 0.31145833333333334
1 0.35520833333333335 0.5479166666666667 0.06354166666666666 0.109375
1 0.8885416666666667 0.8802083333333334 0.18020833333333333 0.19270833333333334
1 0.3145833333333333 0.45729166666666665 0.05520833333333333 0.078125
1 0.6645833333333333 0.50625 0.06458333333333334 0.075
1 0.7125 0.5739583333333333 0.08854166666666667 0.10520833333333333
1 0.5583333333333333 0.36770833333333336 0.07083333333333333 0.041666666666666664
1 0.3729166666666667 0.35208333333333336 0.025 0.03229166666666667
1 0.37916666666666665 0.33958333333333335 0.022916666666666665 0.034375
1 0.61875 0.44166666666666665 0.040625 0.04375
1 0.6333333333333333 0.46770833333333334 0.052083333333333336 0.06041666666666667
1 0.553125 0.33645833333333336 0.025 0.020833333333333332
3 0.175 0.709375 0.14479166666666668 0.24895833333333334
3 0.7927083333333333 0.6833333333333333 0.13541666666666666 0.17395833333333333
3 0.6947916666666667 0.36875 0.03854166666666667 0.06666666666666667
1 0.5416666666666666 0.3302083333333333 0.01875 0.023958333333333335
1 0.6197916666666666 0.496875 0.5020833333333333 0.590625