1 0.15104166666666666 0.2677083333333333 0.08854166666666667 0.12604166666666666
1 0.18020833333333333 0.19583333333333333 0.071875 0.05
1 0.9385416666666667 0.43020833333333336 0.12083333333333333 0.271875
1 0.08854166666666667 0.196875 0.06145833333333333 0.04895833333333333
3 0.4947916666666667 0.328125 0.771875 0.6375
3 0.9270833333333334 0.21875 0.14166666666666666 0.175
1 0.7135416666666666 0.22708333333333333 0.0875 0.046875
3 0.16041666666666668 0.15625 0.06458333333333334 0.07395833333333333
3 0.075 0.14791666666666667 0.0375 0.042708333333333334
3 0.11979166666666667 0.159375 0.021875 0.05520833333333333
3 0.04479166666666667 0.15104166666666666 0.016666666666666666 0.021875
1 0.24583333333333332 0.18125 0.0375 0.03854166666666667
1 0.48333333333333334 0.18958333333333333 0.017708333333333333 0.041666666666666664
1 0.196875 0.153125 0.025 0.022916666666666665