0 0.771875 0.721875 0.18229166666666666 0.14166666666666666
0 0.8520833333333333 0.584375 0.051041666666666666 0.06145833333333333
1 0.375 0.928125 0.165625 0.12083333333333333
1 0.28229166666666666 0.8677083333333333 0.17395833333333333 0.08125
1 0.10833333333333334 0.9447916666666667 0.215625 0.10520833333333333
1 0.571875 0.8989583333333333 0.190625 0.11041666666666666
1 0.19166666666666668 0.9229166666666667 0.109375 0.09895833333333333
1 0.9302083333333333 0.6291666666666667 0.0375 0.05625
1 0.8864583333333333 0.7145833333333333 0.05 0.06041666666666667
1 0.9604166666666667 0.69375 0.05520833333333333 0.058333333333333334
1 0.8864583333333333 0.7885416666666667 0.08958333333333333 0.09375
1 0.7635416666666667 0.8197916666666667 0.13854166666666667 0.115625
1 0.9333333333333333 0.734375 0.075 0.07916666666666666
1 0.9645833333333333 0.6583333333333333 0.046875 0.051041666666666666
0 0.5697916666666667 0.6927083333333334 0.121875 0.12604166666666666
0 0.35208333333333336 0.671875 0.16666666666666666 0.128125
0 0.5145833333333333 0.6770833333333334 0.14375 0.103125
0 0.76875 0.6072916666666667 0.07604166666666666 0.07395833333333333
0 0.70625 0.6072916666666667 0.06875 0.08125
0 0.5708333333333333 0.625 0.1375 0.046875
0 0.515625 0.6166666666666667 0.09479166666666666 0.059375
3 0.9708333333333333 0.4979166666666667 0.0375 0.057291666666666664
3 0.12291666666666666 0.56875 0.04479166666666667 0.03958333333333333
1 0.18125 0.6291666666666667 0.027083333333333334 0.036458333333333336
0 0.5895833333333333 0.5895833333333333 0.07291666666666667 0.03854166666666667
0 0.7520833333333333 0.5697916666666667 0.03854166666666667 0.025
0 0.23854166666666668 0.75625 0.12083333333333333 0.15520833333333334
1 0.4354166666666667 0.7739583333333333 0.3416666666666667 0.16145833333333334