2 0.325 0.446875 0.44479166666666664 0.48333333333333334
2 0.5541666666666667 0.44375 0.15104166666666666 0.36875
2 0.6 0.365625 0.07604166666666666 0.2520833333333333
2 0.628125 0.34791666666666665 0.075 0.22604166666666667
2 0.6520833333333333 0.3541666666666667 0.08229166666666667 0.16875
2 0.3020833333333333 0.45729166666666665 0.6041666666666666 0.9145833333333333
2 0.8635416666666667 0.37083333333333335 0.0375 0.04583333333333333
2 0.7260416666666667 0.34791666666666665 0.058333333333333334 0.06666666666666667
2 0.55 0.5416666666666666 0.065625 0.20833333333333334
2 0.6833333333333333 0.359375 0.04375 0.1375
2 0.8020833333333334 0.35208333333333336 0.026041666666666668 0.036458333333333336
2 0.8197916666666667 0.36354166666666665 0.025 0.05520833333333333
2 0.7822916666666667 0.34791666666666665 0.035416666666666666 0.046875