2 0.7979166666666667 0.6083333333333333 0.20416666666666666 0.19270833333333334
2 0.4479166666666667 0.6072916666666667 0.13854166666666667 0.15520833333333334
2 0.290625 0.596875 0.115625 0.08333333333333333
2 0.6239583333333333 0.525 0.03229166666666667 0.03333333333333333
2 0.9427083333333334 0.5291666666666667 0.026041666666666668 0.065625
2 0.8854166666666666 0.5875 0.05416666666666667 0.15833333333333333
2 0.5895833333333333 0.6 0.0625 0.121875
2 0.64375 0.5875 0.07395833333333333 0.10208333333333333
2 0.165625 0.5885416666666666 0.057291666666666664 0.11875
2 0.3541666666666667 0.5854166666666667 0.06666666666666667 0.084375
2 0.22083333333333333 0.5822916666666667 0.08333333333333333 0.096875
2 0.9666666666666667 0.5510416666666667 0.05 0.08229166666666667
2 0.7520833333333333 0.5302083333333333 0.19375 0.07708333333333334