2 0.209375 0.7354166666666667 0.31145833333333334 0.503125
2 0.4947916666666667 0.6479166666666667 0.09583333333333334 0.24375
2 0.8635416666666667 0.525 0.09166666666666666 0.1375
2 0.9322916666666666 0.5458333333333333 0.13020833333333334 0.171875
2 0.596875 0.8052083333333333 0.16354166666666667 0.365625
2 0.74375 0.5822916666666667 0.07916666666666666 0.16041666666666668
2 0.6770833333333334 0.515625 0.065625 0.11145833333333334
2 0.9541666666666667 0.546875 0.08958333333333333 0.190625
2 0.9822916666666667 0.640625 0.03125 0.16458333333333333
2 0.8166666666666667 0.5104166666666666 0.046875 0.059375
2 0.9041666666666667 0.528125 0.12083333333333333 0.15104166666666666