1 0.51875 0.49166666666666664 0.065625 0.03333333333333333
1 0.50625 0.478125 0.04791666666666667 0.029166666666666667
1 0.46979166666666666 0.478125 0.023958333333333335 0.01875
1 0.9114583333333334 0.4864583333333333 0.09166666666666666 0.03854166666666667
1 0.7614583333333333 0.4791666666666667 0.020833333333333332 0.022916666666666665
1 0.6302083333333334 0.47291666666666665 0.023958333333333335 0.015625
1 0.5895833333333333 0.47291666666666665 0.021875 0.007291666666666667
1 0.6625 0.4739583333333333 0.03958333333333333 0.020833333333333332
1 0.6895833333333333 0.4739583333333333 0.03333333333333333 0.021875
1 0.8416666666666667 0.48125 0.07604166666666666 0.03854166666666667
1 0.7302083333333333 0.48125 0.052083333333333336 0.023958333333333335
1 0.7895833333333333 0.478125 0.051041666666666666 0.034375
1 0.475 0.4822916666666667 0.015625 0.021875