1 0.5552083333333333 0.20625 0.016666666666666666 0.03333333333333333
2 0.24895833333333334 0.6604166666666667 0.4979166666666667 0.534375
2 0.7229166666666667 0.834375 0.55 0.3260416666666667
2 0.71875 0.4270833333333333 0.18020833333333333 0.16666666666666666
2 0.225 0.925 0.45 0.14479166666666668
2 0.29791666666666666 0.5416666666666666 0.43645833333333334 0.359375
2 0.3625 0.53125 0.35625 0.18854166666666666
2 0.35520833333333335 0.4010416666666667 0.28958333333333336 0.221875
2 0.7822916666666667 0.521875 0.25625 0.12291666666666666
1 0.24270833333333333 0.321875 0.19895833333333332 0.15833333333333333
2 0.7395833333333334 0.465625 0.04583333333333333 0.034375
2 0.5572916666666666 0.3385416666666667 0.06979166666666667 0.10208333333333333
2 0.39895833333333336 0.4083333333333333 0.25833333333333336 0.13645833333333332
2 0.3958333333333333 0.35625 0.029166666666666667 0.08020833333333334
2 0.5333333333333333 0.8145833333333333 0.18229166666666666 0.340625
2 0.55625 0.5760416666666667 0.75 0.6739583333333333