1 0.9135416666666667 0.8333333333333334 0.16875 0.29583333333333334
1 0.83125 0.8 0.1875 0.175
1 0.621875 0.7760416666666666 0.05625 0.04895833333333333
1 0.31875 0.76875 0.020833333333333332 0.022916666666666665
1 0.40520833333333334 0.7666666666666667 0.052083333333333336 0.042708333333333334
1 0.33958333333333335 0.7677083333333333 0.023958333333333335 0.015625
1 0.36770833333333336 0.771875 0.020833333333333332 0.022916666666666665
1 0.3572916666666667 0.7666666666666667 0.013541666666666667 0.016666666666666666
1 0.27708333333333335 0.76875 0.028125 0.023958333333333335
1 0.3020833333333333 0.7635416666666667 0.010416666666666666 0.010416666666666666
1 0.25625 0.7666666666666667 0.014583333333333334 0.022916666666666665