1 0.14375 0.9770833333333333 0.01875 0.040625
1 0.125 0.8895833333333333 0.016666666666666666 0.036458333333333336
1 0.13333333333333333 0.9302083333333333 0.017708333333333333 0.0375
1 0.6395833333333333 0.9020833333333333 0.030208333333333334 0.030208333333333334
1 0.5114583333333333 0.9145833333333333 0.034375 0.042708333333333334
1 0.5989583333333334 0.95625 0.042708333333333334 0.03958333333333333
1 0.6395833333333333 0.8739583333333333 0.03854166666666667 0.04479166666666667
1 0.5635416666666667 0.9447916666666667 0.030208333333333334 0.029166666666666667
1 0.7739583333333333 0.8010416666666667 0.025 0.021875
1 0.8 0.7895833333333333 0.026041666666666668 0.022916666666666665
3 0.853125 0.7739583333333333 0.04895833333333333 0.057291666666666664
1 0.546875 0.896875 0.036458333333333336 0.03854166666666667
1 0.5416666666666666 0.9229166666666667 0.03958333333333333 0.04583333333333333
1 0.5135416666666667 0.5229166666666667 0.9708333333333333 0.9333333333333333