1 0.36666666666666664 0.634375 0.1125 0.11041666666666666
1 0.4322916666666667 0.6385416666666667 0.04479166666666667 0.08958333333333333
1 0.44479166666666664 0.63125 0.06979166666666667 0.08958333333333333
1 0.4875 0.63125 0.042708333333333334 0.08229166666666667
1 0.5395833333333333 0.625 0.04479166666666667 0.06666666666666667
1 0.5114583333333333 0.628125 0.041666666666666664 0.06875
1 0.6125 0.6239583333333333 0.020833333333333332 0.04479166666666667
1 0.6697916666666667 0.6354166666666666 0.09791666666666667 0.08333333333333333
1 0.5635416666666667 0.6229166666666667 0.026041666666666668 0.05520833333333333
1 0.5875 0.6197916666666666 0.03958333333333333 0.05625
1 0.7489583333333333 0.615625 0.015625 0.023958333333333335
1 0.6802083333333333 0.6072916666666667 0.07083333333333333 0.040625
1 0.7375 0.628125 0.021875 0.053125