1 0.4875 0.128125 0.014583333333333334 0.021875
1 0.42604166666666665 0.13020833333333334 0.023958333333333335 0.017708333333333333
1 0.37916666666666665 0.12916666666666668 0.021875 0.017708333333333333
1 0.35520833333333335 0.13125 0.019791666666666666 0.0125
1 0.334375 0.13125 0.020833333333333332 0.015625
1 0.27708333333333335 0.13125 0.027083333333333334 0.017708333333333333
1 0.5489583333333333 0.125 0.028125 0.022916666666666665
1 0.7114583333333333 0.12916666666666668 0.026041666666666668 0.01875
1 0.2552083333333333 0.13125 0.019791666666666666 0.016666666666666666
1 0.30104166666666665 0.13125 0.01875 0.016666666666666666
1 0.3177083333333333 0.13125 0.017708333333333333 0.015625
1 0.4375 0.12708333333333333 0.022916666666666665 0.021875
1 0.471875 0.12708333333333333 0.014583333333333334 0.017708333333333333