1 0.290625 0.8708333333333333 0.020833333333333332 0.020833333333333332
1 0.38645833333333335 0.9104166666666667 0.026041666666666668 0.026041666666666668
1 0.428125 0.9125 0.026041666666666668 0.025
1 0.4427083333333333 0.928125 0.025 0.025
1 0.46770833333333334 0.9270833333333334 0.028125 0.028125
1 0.5052083333333334 0.9479166666666666 0.030208333333333334 0.023958333333333335
1 0.553125 0.940625 0.021875 0.026041666666666668
1 0.690625 0.984375 0.041666666666666664 0.023958333333333335
1 0.5177083333333333 0.9385416666666667 0.021875 0.021875
1 0.39895833333333336 0.9052083333333333 0.016666666666666666 0.022916666666666665
1 0.22395833333333334 0.8489583333333334 0.016666666666666666 0.017708333333333333
1 0.196875 0.8427083333333333 0.019791666666666666 0.019791666666666666
1 0.33125 0.8864583333333333 0.025 0.01875
1 0.5375 0.915625 0.5916666666666667 0.16145833333333334