1 0.7291666666666666 0.5927083333333333 0.0875 0.05416666666666667
2 0.30104166666666665 0.8645833333333334 0.19270833333333334 0.265625
2 0.14895833333333333 0.7885416666666667 0.09791666666666667 0.22291666666666668
1 0.6395833333333333 0.6125 0.07916666666666666 0.052083333333333336
1 0.8083333333333333 0.6 0.11770833333333333 0.06458333333333334
1 0.496875 0.5614583333333333 0.052083333333333336 0.015625
2 0.396875 0.6895833333333333 0.08645833333333333 0.12395833333333334
2 0.7208333333333333 0.7270833333333333 0.08125 0.14791666666666667
2 0.22604166666666667 0.6916666666666667 0.07291666666666667 0.08958333333333333
2 0.026041666666666668 0.6041666666666666 0.046875 0.08958333333333333
1 0.49270833333333336 0.5760416666666667 0.057291666666666664 0.0125
1 0.36770833333333336 0.5625 0.034375 0.028125
2 0.5489583333333333 0.7895833333333333 0.1125 0.18229166666666666
1 0.446875 0.5572916666666666 0.04895833333333333 0.027083333333333334