1 0.12604166666666666 0.5427083333333333 0.090625 0.052083333333333336
1 0.3802083333333333 0.5270833333333333 0.03958333333333333 0.035416666666666666
1 0.4125 0.5229166666666667 0.07604166666666666 0.03229166666666667
1 0.46458333333333335 0.5208333333333334 0.06770833333333333 0.03125
1 0.509375 0.51875 0.05 0.023958333333333335
1 0.6770833333333334 0.5135416666666667 0.06145833333333333 0.029166666666666667
1 0.6958333333333333 0.509375 0.042708333333333334 0.030208333333333334
1 0.7822916666666667 0.5114583333333333 0.04583333333333333 0.028125
0 0.6479166666666667 0.49583333333333335 0.08125 0.04375
3 0.7302083333333333 0.4895833333333333 0.06354166666666666 0.057291666666666664
1 0.5333333333333333 0.5125 0.04895833333333333 0.030208333333333334
3 0.26875 0.515625 0.20416666666666666 0.10520833333333333
3 0.64375 0.49583333333333335 0.07083333333333333 0.042708333333333334
3 0.5875 0.5104166666666666 0.06770833333333333 0.036458333333333336
1 0.6364583333333333 0.5083333333333333 0.0375 0.027083333333333334