1 0.2760416666666667 0.25625 0.052083333333333336 0.0625
1 0.28229166666666666 0.16458333333333333 0.058333333333333334 0.053125
1 0.31354166666666666 0.13958333333333334 0.027083333333333334 0.025
1 0.2791666666666667 0.21354166666666666 0.04479166666666667 0.026041666666666668
1 0.39791666666666664 0.17291666666666666 0.0375 0.05
1 0.9541666666666667 0.6927083333333334 0.07916666666666666 0.21041666666666667
1 0.8802083333333334 0.7145833333333333 0.13645833333333332 0.16666666666666666
1 0.7510416666666667 0.775 0.13125 0.05416666666666667
1 0.371875 0.13854166666666667 0.019791666666666666 0.040625
1 0.575 0.7958333333333333 0.06666666666666667 0.021875
3 0.421875 0.24583333333333332 0.06145833333333333 0.07395833333333333
3 0.415625 0.19479166666666667 0.05625 0.053125
1 0.6822916666666666 0.7864583333333334 0.046875 0.041666666666666664