1 0.596875 0.6208333333333333 0.07291666666666667 0.041666666666666664
1 0.6635416666666667 0.615625 0.051041666666666666 0.04479166666666667
1 0.8385416666666666 0.6104166666666667 0.06041666666666667 0.040625
2 0.771875 0.6770833333333334 0.03854166666666667 0.07083333333333333
2 0.7510416666666667 0.6572916666666667 0.019791666666666666 0.04791666666666667
2 0.8708333333333333 0.7427083333333333 0.08854166666666667 0.22291666666666668
2 0.24375 0.81875 0.21041666666666667 0.19479166666666667
2 0.33645833333333336 0.7052083333333333 0.1 0.090625
2 0.15625 0.6708333333333333 0.07916666666666666 0.059375
2 0.659375 0.634375 0.041666666666666664 0.023958333333333335
2 0.5770833333333333 0.634375 0.040625 0.030208333333333334
2 0.925 0.6552083333333333 0.04583333333333333 0.046875
2 0.023958333333333335 0.671875 0.014583333333333334 0.04479166666666667
2 0.9677083333333333 0.61875 0.020833333333333332 0.028125
2 0.54375 0.6333333333333333 0.0375 0.03229166666666667
2 0.5125 0.628125 0.013541666666666667 0.029166666666666667
2 0.49895833333333334 0.6427083333333333 0.9979166666666667 0.09166666666666666