0 0.9322916666666666 0.696875 0.134375 0.5802083333333333
0 0.8072916666666666 0.66875 0.20208333333333334 0.43854166666666666
0 0.6604166666666667 0.653125 0.11770833333333333 0.20625
0 0.5979166666666667 0.646875 0.01875 0.12916666666666668
1 0.10729166666666666 0.8177083333333334 0.21145833333333333 0.3375
1 0.2791666666666667 0.721875 0.16875 0.19166666666666668
1 0.359375 0.696875 0.05625 0.12395833333333334
0 0.5520833333333334 0.6333333333333333 0.01875 0.05520833333333333
1 0.4479166666666667 0.6677083333333333 0.03333333333333333 0.07708333333333334
1 0.525 0.6510416666666666 0.04479166666666667 0.04583333333333333
1 0.40208333333333335 0.6625 0.07395833333333333 0.10104166666666667