1 0.425 0.5760416666666667 0.07708333333333334 0.06354166666666666
3 0.21354166666666666 0.61875 0.42083333333333334 0.415625
3 0.44895833333333335 0.540625 0.07916666666666666 0.090625
1 0.7875 0.6375 0.18854166666666666 0.18541666666666667
1 0.5625 0.5552083333333333 0.042708333333333334 0.04583333333333333
1 0.5864583333333333 0.5510416666666667 0.020833333333333332 0.0375
1 0.603125 0.546875 0.026041666666666668 0.03125
1 0.6166666666666667 0.5458333333333333 0.017708333333333333 0.026041666666666668
1 0.6885416666666667 0.5447916666666667 0.020833333333333332 0.021875
1 0.37916666666666665 0.5541666666666667 0.017708333333333333 0.020833333333333332
1 0.5114583333333333 0.5635416666666667 0.058333333333333334 0.05
1 0.7072916666666667 0.5427083333333333 0.019791666666666666 0.013541666666666667