1 0.9354166666666667 0.30833333333333335 0.084375 0.090625
1 0.8708333333333333 0.30625 0.04791666666666667 0.052083333333333336
1 0.815625 0.2989583333333333 0.013541666666666667 0.017708333333333333
1 0.8041666666666667 0.29583333333333334 0.0125 0.022916666666666665
2 0.3489583333333333 0.5354166666666667 0.69375 0.840625
2 0.6458333333333334 0.38645833333333335 0.340625 0.5302083333333333
2 0.20208333333333334 0.9 0.4041666666666667 0.19479166666666667
2 0.7270833333333333 0.3416666666666667 0.07916666666666666 0.140625
2 0.75 0.32916666666666666 0.08020833333333334 0.175
2 0.778125 0.30625 0.03854166666666667 0.078125
1 0.9822916666666667 0.325 0.03333333333333333 0.14791666666666667
1 0.8989583333333333 0.29583333333333334 0.013541666666666667 0.01875
2 0.7625 0.3260416666666667 0.071875 0.17395833333333333