1 0.42291666666666666 0.50625 0.15416666666666667 0.11666666666666667
1 0.26145833333333335 0.46875 0.05 0.029166666666666667
1 0.12083333333333333 0.46041666666666664 0.041666666666666664 0.017708333333333333
1 0.06458333333333334 0.459375 0.03854166666666667 0.027083333333333334
1 0.3177083333333333 0.471875 0.04583333333333333 0.034375
2 0.30104166666666665 0.6083333333333333 0.075 0.13958333333333334
3 0.634375 0.5072916666666667 0.2833333333333333 0.23020833333333332
1 0.009375 0.45625 0.01875 0.014583333333333334
2 0.6052083333333333 0.81875 0.19791666666666666 0.3333333333333333
2 0.4197916666666667 0.6927083333333334 0.10416666666666667 0.19583333333333333
2 0.8770833333333333 0.821875 0.14375 0.240625
2 0.853125 0.69375 0.121875 0.12708333333333333
2 0.7625 0.621875 0.096875 0.121875
2 0.2 0.6416666666666667 0.090625 0.19791666666666666
2 0.071875 0.5197916666666667 0.03229166666666667 0.07291666666666667
2 0.017708333333333333 0.5260416666666666 0.025 0.065625
2 0.026041666666666668 0.6302083333333334 0.052083333333333336 0.1
2 0.34791666666666665 0.5770833333333333 0.03854166666666667 0.10625
2 0.58125 0.6177083333333333 0.10729166666666666 0.140625
1 0.278125 0.46875 0.034375 0.025
2 0.13541666666666666 0.53125 0.021875 0.03958333333333333
2 0.5041666666666667 0.31145833333333334 0.9875 0.61875