0 0.38333333333333336 0.8520833333333333 0.4552083333333333 0.221875
1 0.27395833333333336 0.94375 0.29375 0.10833333333333334
1 0.7 0.9208333333333333 0.12395833333333334 0.065625
1 0.8427083333333333 0.9302083333333333 0.14166666666666666 0.07083333333333333
1 0.965625 0.9083333333333333 0.06458333333333334 0.04583333333333333
1 0.8947916666666667 0.9114583333333334 0.09479166666666666 0.05416666666666667
1 0.7895833333333333 0.8916666666666667 0.035416666666666666 0.01875
1 0.05 0.9333333333333333 0.1 0.07708333333333334
1 0.9229166666666667 0.8979166666666667 0.042708333333333334 0.025
1 0.70625 0.8885416666666667 0.08125 0.020833333333333332
1 0.64375 0.8864583333333333 0.025 0.022916666666666665