1 0.38645833333333335 0.7364583333333333 0.014583333333333334 0.007291666666666667
1 0.35208333333333336 0.7354166666666667 0.015625 0.009375
1 0.7322916666666667 0.7333333333333333 0.0125 0.007291666666666667
1 0.128125 0.7385416666666667 0.017708333333333333 0.007291666666666667
1 0.8677083333333333 0.7364583333333333 0.027083333333333334 0.007291666666666667
1 0.5135416666666667 0.734375 0.017708333333333333 0.009375
1 0.42291666666666666 0.7375 0.021875 0.013541666666666667
1 0.5427083333333333 0.7354166666666667 0.015625 0.009375
1 0.7072916666666667 0.7364583333333333 0.014583333333333334 0.008333333333333333
1 0.7489583333333333 0.734375 0.011458333333333333 0.007291666666666667
1 0.9104166666666667 0.7333333333333333 0.015625 0.009375
3 0.8354166666666667 0.7270833333333333 0.057291666666666664 0.020833333333333332
1 0.6072916666666667 0.7333333333333333 0.019791666666666666 0.008333333333333333
1 0.029166666666666667 0.7427083333333333 0.01875 0.010416666666666666
1 0.5354166666666667 0.7354166666666667 0.671875 0.041666666666666664