1 0.628125 0.625 0.05 0.026041666666666668
3 0.5458333333333333 0.8583333333333333 0.128125 0.215625
3 0.6739583333333333 0.6822916666666666 0.12083333333333333 0.05625
3 0.6927083333333334 0.65625 0.0875 0.03333333333333333
3 0.6927083333333334 0.634375 0.08020833333333334 0.03333333333333333
1 0.7208333333333333 0.5572916666666666 0.035416666666666666 0.019791666666666666
3 0.6979166666666666 0.5875 0.09583333333333334 0.04583333333333333
3 0.9677083333333333 0.7229166666666667 0.06041666666666667 0.058333333333333334
3 0.9739583333333334 0.7489583333333333 0.04791666666666667 0.06875
3 0.4739583333333333 0.5489583333333333 0.041666666666666664 0.0375
1 0.4739583333333333 0.5489583333333333 0.041666666666666664 0.03958333333333333
1 0.9322916666666666 0.690625 0.042708333333333334 0.040625
1 0.253125 0.6239583333333333 0.05416666666666667 0.04583333333333333
3 0.965625 0.6927083333333334 0.06458333333333334 0.04791666666666667