0 0.7135416666666666 0.8572916666666667 0.225 0.25833333333333336
0 0.7 0.6604166666666667 0.1375 0.24479166666666666
3 0.25416666666666665 0.8791666666666667 0.25625 0.23541666666666666
1 0.3229166666666667 0.715625 0.08541666666666667 0.1125
1 0.196875 0.6510416666666666 0.09791666666666667 0.10833333333333334
1 0.3770833333333333 0.634375 0.075 0.0875
0 0.796875 0.340625 0.07916666666666666 0.04375
0 0.6375 0.38229166666666664 0.09583333333333334 0.057291666666666664
0 0.5854166666666667 0.5333333333333333 0.08854166666666667 0.13125
3 0.43854166666666666 0.45208333333333334 0.041666666666666664 0.06145833333333333
3 0.4625 0.4375 0.036458333333333336 0.06354166666666666
1 0.465625 0.89375 0.1 0.18645833333333334
1 0.515625 0.521875 0.040625 0.06041666666666667
1 0.5041666666666667 0.38645833333333335 0.042708333333333334 0.028125
1 0.446875 0.565625 0.05416666666666667 0.06979166666666667
1 0.31979166666666664 0.5822916666666667 0.071875 0.07395833333333333
1 0.6770833333333334 0.46041666666666664 0.042708333333333334 0.04479166666666667
1 0.65625 0.48020833333333335 0.046875 0.057291666666666664
1 0.6833333333333333 0.51875 0.041666666666666664 0.03333333333333333
1 0.7197916666666667 0.475 0.04791666666666667 0.046875
3 0.803125 0.38125 0.0625 0.034375
0 0.5322916666666667 0.45 0.04791666666666667 0.08854166666666667
1 0.51875 0.7447916666666666 0.08125 0.13229166666666667
1 0.496875 0.41875 0.5895833333333333 0.253125