2 0.6708333333333333 0.7958333333333333 0.11666666666666667 0.38333333333333336
2 0.896875 0.6072916666666667 0.06458333333333334 0.18125
2 0.7770833333333333 0.6583333333333333 0.0875 0.2635416666666667
2 0.052083333333333336 0.690625 0.10416666666666667 0.11041666666666666
2 0.4510416666666667 0.5875 0.05520833333333333 0.15833333333333333
2 0.058333333333333334 0.65 0.11458333333333333 0.109375
2 0.03854166666666667 0.8625 0.07708333333333334 0.2708333333333333
2 0.16770833333333332 0.8260416666666667 0.26875 0.34375
2 0.8333333333333334 0.5802083333333333 0.05416666666666667 0.140625
2 0.38333333333333336 0.5447916666666667 0.040625 0.08333333333333333
2 0.5 0.5072916666666667 0.022916666666666665 0.04479166666666667
2 0.053125 0.775 0.10625 0.1625
2 0.9625 0.5927083333333333 0.071875 0.11875