1 0.709375 0.6364583333333333 0.18229166666666666 0.08645833333333333
1 0.2520833333333333 0.634375 0.10520833333333333 0.05416666666666667
1 0.7989583333333333 0.6052083333333333 0.06145833333333333 0.03854166666666667
1 0.8802083333333334 0.5979166666666667 0.028125 0.021875
1 0.8427083333333333 0.5989583333333334 0.040625 0.025
1 0.9052083333333333 0.596875 0.053125 0.030208333333333334
1 0.9447916666666667 0.5916666666666667 0.035416666666666666 0.028125
1 0.04583333333333333 0.6677083333333333 0.09166666666666666 0.07708333333333334
1 0.6072916666666667 0.6041666666666666 0.103125 0.05625
1 0.9833333333333333 0.5885416666666666 0.029166666666666667 0.022916666666666665
1 0.19270833333333334 0.6322916666666667 0.028125 0.03958333333333333
1 0.96875 0.5895833333333333 0.022916666666666665 0.022916666666666665
3 0.5177083333333333 0.5166666666666667 0.13125 0.18020833333333333