1 0.23541666666666666 0.14375 0.321875 0.14479166666666668
1 0.31354166666666666 0.12395833333333334 0.2520833333333333 0.15104166666666666
1 0.6052083333333333 0.1375 0.3177083333333333 0.19583333333333333
1 0.057291666666666664 0.12395833333333334 0.090625 0.071875
1 0.7979166666666667 0.12291666666666666 0.05 0.07604166666666666
1 0.7625 0.115625 0.040625 0.13645833333333332
1 0.8927083333333333 0.11979166666666667 0.042708333333333334 0.05520833333333333
1 0.9479166666666666 0.12916666666666668 0.1 0.059375
1 0.4010416666666667 0.109375 0.09895833333333333 0.09479166666666666
1 0.021875 0.13020833333333334 0.042708333333333334 0.07708333333333334
1 0.440625 0.08854166666666667 0.052083333333333336 0.03333333333333333
1 0.8552083333333333 0.11875 0.065625 0.057291666666666664