1 0.40208333333333335 0.7885416666666667 0.15104166666666666 0.05625
1 0.17395833333333333 0.7822916666666667 0.10416666666666667 0.058333333333333334
1 0.24895833333333334 0.7760416666666666 0.071875 0.03125
1 0.46041666666666664 0.7729166666666667 0.06145833333333333 0.0375
1 0.9166666666666666 0.8135416666666667 0.16145833333333334 0.16666666666666666
2 0.653125 0.8979166666666667 0.11979166666666667 0.13020833333333334
1 0.084375 0.76875 0.03125 0.017708333333333333
1 0.55625 0.7822916666666667 0.065625 0.03958333333333333
1 0.025 0.759375 0.017708333333333333 0.009375
1 0.76875 0.8020833333333334 0.21666666666666667 0.10208333333333333
1 0.03854166666666667 0.7864583333333334 0.07604166666666666 0.04895833333333333
1 0.07604166666666666 0.7583333333333333 0.04895833333333333 0.023958333333333335