1 0.3145833333333333 0.921875 0.07083333333333333 0.040625
1 0.634375 0.9416666666666667 0.10208333333333333 0.051041666666666666
1 0.321875 0.8854166666666666 0.051041666666666666 0.017708333333333333
1 0.3885416666666667 0.878125 0.03958333333333333 0.028125
1 0.5177083333333333 0.884375 0.036458333333333336 0.025
1 0.6489583333333333 0.9916666666666667 0.08645833333333333 0.014583333333333334
1 0.5104166666666666 0.8697916666666666 0.04479166666666667 0.030208333333333334
1 0.5375 0.9020833333333333 0.04583333333333333 0.03958333333333333
1 0.33125 0.8604166666666667 0.03229166666666667 0.016666666666666666
1 0.3927083333333333 0.859375 0.0375 0.027083333333333334
1 0.6416666666666667 0.9760416666666667 0.12083333333333333 0.04375
1 0.3333333333333333 0.9052083333333333 0.08020833333333334 0.0375
1 0.3375 0.8770833333333333 0.030208333333333334 0.016666666666666666
1 0.359375 0.85 0.10520833333333333 0.040625