2 0.521875 0.615625 0.3770833333333333 0.434375
1 0.08333333333333333 0.41875 0.028125 0.027083333333333334
3 0.8333333333333334 0.434375 0.08333333333333333 0.10416666666666667
3 0.6479166666666667 0.43333333333333335 0.08958333333333333 0.10104166666666667
3 0.321875 0.41354166666666664 0.109375 0.08645833333333333
3 0.16354166666666667 0.40729166666666666 0.041666666666666664 0.04479166666666667
3 0.7197916666666667 0.4395833333333333 0.06354166666666666 0.0875
3 0.9583333333333334 0.428125 0.052083333333333336 0.07395833333333333
1 0.559375 0.44479166666666664 0.03125 0.03854166666666667
1 0.12708333333333333 0.41458333333333336 0.035416666666666666 0.03333333333333333
1 0.759375 0.45 0.0625 0.06354166666666666
1 0.903125 0.434375 0.041666666666666664 0.059375
3 0.2604166666666667 0.41770833333333335 0.05 0.042708333333333334
3 0.19583333333333333 0.409375 0.06145833333333333 0.04791666666666667
3 0.36666666666666664 0.4239583333333333 0.0875 0.06770833333333333
3 0.5677083333333334 0.415625 0.03958333333333333 0.04479166666666667
1 0.1 0.41875 0.03333333333333333 0.03333333333333333
1 0.23333333333333334 0.4166666666666667 0.030208333333333334 0.029166666666666667
3 0.128125 0.41354166666666664 0.035416666666666666 0.035416666666666666