2 0.153125 0.7302083333333333 0.08854166666666667 0.11354166666666667
2 0.25625 0.7416666666666667 0.04583333333333333 0.06458333333333334
2 0.2604166666666667 0.7229166666666667 0.11041666666666666 0.090625
2 0.3145833333333333 0.7177083333333333 0.05520833333333333 0.09791666666666667
2 0.3416666666666667 0.7197916666666667 0.051041666666666666 0.09583333333333334
2 0.021875 0.7447916666666666 0.04375 0.10208333333333333
2 0.3729166666666667 0.7166666666666667 0.05 0.08125
2 0.40208333333333335 0.7322916666666667 0.036458333333333336 0.053125
2 0.675 0.8479166666666667 0.21041666666666667 0.14791666666666667
2 0.415625 0.709375 0.07916666666666666 0.08541666666666667
2 0.06979166666666667 0.75 0.0625 0.09166666666666666
2 0.7020833333333333 0.80625 0.178125 0.16875
2 0.22916666666666666 0.746875 0.057291666666666664 0.07083333333333333
2 0.6395833333333333 0.75 0.2791666666666667 0.128125