1 0.7041666666666667 0.6052083333333333 0.0375 0.042708333333333334
2 0.3020833333333333 0.8083333333333333 0.6 0.37916666666666665
2 0.509375 0.796875 0.209375 0.3802083333333333
2 0.5635416666666667 0.6666666666666666 0.11875 0.13125
2 0.5947916666666667 0.7354166666666667 0.10520833333333333 0.121875
2 0.621875 0.6135416666666667 0.01875 0.0375
2 0.6395833333333333 0.6052083333333333 0.019791666666666666 0.035416666666666666
2 0.8645833333333334 0.771875 0.153125 0.3
2 0.6020833333333333 0.8239583333333333 0.12916666666666668 0.27291666666666664
2 0.5927083333333333 0.6395833333333333 0.06354166666666666 0.09270833333333334
2 0.9739583333333334 0.7583333333333333 0.04791666666666667 0.20833333333333334
2 0.546875 0.5947916666666667 0.011458333333333333 0.014583333333333334
2 0.6145833333333334 0.6135416666666667 0.011458333333333333 0.01875