1 0.5260416666666666 0.6302083333333334 0.11770833333333333 0.121875
1 0.3625 0.8145833333333333 0.7177083333333333 0.365625
1 0.6510416666666666 0.5927083333333333 0.18333333333333332 0.12083333333333333
1 0.4197916666666667 0.609375 0.041666666666666664 0.08958333333333333
1 0.33645833333333336 0.5885416666666666 0.38958333333333334 0.14166666666666666
1 0.3177083333333333 0.5645833333333333 0.08020833333333334 0.09375
1 0.2125 0.5520833333333334 0.052083333333333336 0.06666666666666667
1 0.7041666666666667 0.7510416666666667 0.5885416666666666 0.3854166666666667
1 0.42291666666666666 0.59375 0.109375 0.10520833333333333
1 0.28541666666666665 0.5583333333333333 0.07708333333333334 0.09895833333333333
1 0.2833333333333333 0.5083333333333333 0.05416666666666667 0.03125
1 0.8239583333333333 0.5375 0.109375 0.051041666666666666
1 0.33958333333333335 0.5729166666666666 0.08645833333333333 0.0875