0 0.7697916666666667 0.7135416666666666 0.27395833333333336 0.2947916666666667
0 0.7958333333333333 0.5625 0.396875 0.28541666666666665
0 0.5145833333333333 0.478125 0.190625 0.19791666666666666
0 0.38125 0.4125 0.140625 0.2
1 0.4625 0.5802083333333333 0.14166666666666666 0.153125
1 0.15104166666666666 0.5645833333333333 0.08645833333333333 0.125
1 0.34791666666666665 0.5114583333333333 0.09895833333333333 0.10625
1 0.24791666666666667 0.44479166666666664 0.04895833333333333 0.059375
1 0.03333333333333333 0.5333333333333333 0.06666666666666667 0.109375
1 0.04479166666666667 0.49166666666666664 0.05 0.07291666666666667
1 0.11145833333333334 0.40208333333333335 0.03333333333333333 0.03958333333333333
1 0.12395833333333334 0.43854166666666666 0.04375 0.06041666666666667
1 0.6041666666666666 0.9302083333333333 0.35208333333333336 0.13333333333333333
1 0.290625 0.7364583333333333 0.18229166666666666 0.225
1 0.26875 0.596875 0.125 0.14166666666666666
1 0.23333333333333334 0.521875 0.08229166666666667 0.109375
1 0.18854166666666666 0.41458333333333336 0.03958333333333333 0.051041666666666666
1 0.16875 0.4114583333333333 0.30625 0.17604166666666668