1 0.8145833333333333 0.3145833333333333 0.20520833333333333 0.10520833333333333
1 0.4791666666666667 0.27291666666666664 0.06145833333333333 0.053125
1 0.7510416666666667 0.290625 0.0625 0.03125
2 0.5447916666666667 0.46770833333333334 0.44166666666666665 0.35520833333333335
2 0.31875 0.3885416666666667 0.14791666666666667 0.1125
2 0.690625 0.3927083333333333 0.06875 0.10104166666666667
1 0.8989583333333333 0.340625 0.20104166666666667 0.17083333333333334
1 0.24375 0.32395833333333335 0.04791666666666667 0.034375
2 0.26666666666666666 0.409375 0.08854166666666667 0.090625
2 0.740625 0.375 0.1 0.12916666666666668
2 0.40520833333333334 0.3645833333333333 0.058333333333333334 0.06979166666666667
2 0.5697916666666667 0.353125 0.16145833333333334 0.1