1 0.8791666666666667 0.28229166666666666 0.04583333333333333 0.026041666666666668
1 0.9010416666666666 0.2760416666666667 0.026041666666666668 0.015625
1 0.853125 0.27395833333333336 0.03333333333333333 0.011458333333333333
1 0.85 0.2625 0.029166666666666667 0.01875
1 0.740625 0.278125 0.026041666666666668 0.014583333333333334
1 0.778125 0.2552083333333333 0.034375 0.021875
1 0.9677083333333333 0.23958333333333334 0.0375 0.021875
1 0.93125 0.2791666666666667 0.03229166666666667 0.021875
1 0.7583333333333333 0.25 0.03125 0.027083333333333334
1 0.8885416666666667 0.24791666666666667 0.03125 0.015625
1 0.9229166666666667 0.24166666666666667 0.036458333333333336 0.015625
1 0.9395833333333333 0.2604166666666667 0.0125 0.013541666666666667
1 0.8041666666666667 0.26666666666666666 0.029166666666666667 0.023958333333333335
1 0.5302083333333333 0.18333333333333332 0.9354166666666667 0.22291666666666668