3 0.6260416666666667 0.8083333333333333 0.040625 0.046875
1 0.09375 0.9635416666666666 0.1875 0.06875
1 0.09583333333333334 0.9125 0.16875 0.13854166666666667
1 0.375 0.8364583333333333 0.052083333333333336 0.06458333333333334
1 0.284375 0.834375 0.04791666666666667 0.04791666666666667
1 0.309375 0.8166666666666667 0.030208333333333334 0.036458333333333336
1 0.33229166666666665 0.8072916666666666 0.026041666666666668 0.03125
1 0.425 0.8052083333333333 0.03125 0.030208333333333334
1 0.9135416666666667 0.9208333333333333 0.16875 0.15416666666666667
1 0.45416666666666666 0.78125 0.014583333333333334 0.016666666666666666
1 0.5552083333333333 0.8072916666666666 0.030208333333333334 0.0375
1 0.8697916666666666 0.8260416666666667 0.04479166666666667 0.03958333333333333
2 0.8083333333333333 0.8572916666666667 0.015625 0.040625
3 0.703125 0.8489583333333334 0.07916666666666666 0.10104166666666667
1 0.5 0.8239583333333333 0.9958333333333333 0.21354166666666666