3 0.44375 0.7354166666666667 0.11875 0.09166666666666666
1 0.16041666666666668 0.7708333333333334 0.121875 0.096875
1 0.24895833333333334 0.7739583333333333 0.07291666666666667 0.057291666666666664
1 0.30416666666666664 0.7708333333333334 0.05520833333333333 0.05416666666666667
1 0.35833333333333334 0.7614583333333333 0.05625 0.04583333333333333
1 0.5645833333333333 0.74375 0.035416666666666666 0.030208333333333334
1 0.584375 0.7427083333333333 0.020833333333333332 0.023958333333333335
1 0.6010416666666667 0.7395833333333334 0.01875 0.021875
1 0.7229166666666667 0.73125 0.016666666666666666 0.017708333333333333
1 0.7041666666666667 0.7302083333333333 0.008333333333333333 0.013541666666666667
1 0.6135416666666667 0.7364583333333333 0.023958333333333335 0.029166666666666667
1 0.6885416666666667 0.73125 0.016666666666666666 0.015625
1 0.6958333333333333 0.728125 0.013541666666666667 0.016666666666666666
1 0.7947916666666667 0.7677083333333333 0.134375 0.14375
3 0.6375 0.7270833333333333 0.03125 0.042708333333333334