1 0.49895833333333334 0.659375 0.05625 0.03854166666666667
1 0.840625 0.6729166666666667 0.16041666666666668 0.06145833333333333
1 0.7458333333333333 0.6479166666666667 0.041666666666666664 0.020833333333333332
1 0.32916666666666666 0.6770833333333334 0.13645833333333332 0.051041666666666666
1 0.35208333333333336 0.6645833333333333 0.13645833333333332 0.04375
1 0.3854166666666667 0.6583333333333333 0.09166666666666666 0.036458333333333336
1 0.9520833333333333 0.65 0.046875 0.013541666666666667
1 0.425 0.6427083333333333 0.025 0.008333333333333333
1 0.7479166666666667 0.6552083333333333 0.5 0.04791666666666667
1 0.909375 0.65 0.03958333333333333 0.028125
1 0.4864583333333333 0.6375 0.040625 0.011458333333333333
1 0.6791666666666667 0.6458333333333334 0.046875 0.028125
0 0.6708333333333333 0.6333333333333333 0.09479166666666666 0.041666666666666664