3 0.5395833333333333 0.8604166666666667 0.08333333333333333 0.071875
1 0.49270833333333336 0.909375 0.06770833333333333 0.0375
1 0.171875 0.9083333333333333 0.16458333333333333 0.10729166666666666
1 0.415625 0.9447916666666667 0.07395833333333333 0.058333333333333334
1 0.3302083333333333 0.93125 0.10104166666666667 0.08541666666666667
1 0.4510416666666667 0.946875 0.03125 0.053125
1 0.6322916666666667 0.8291666666666667 0.03854166666666667 0.03229166666666667
1 0.11875 0.9197916666666667 0.11354166666666667 0.08020833333333334
1 0.5 0.890625 0.07291666666666667 0.035416666666666666
1 0.040625 0.903125 0.078125 0.11666666666666667
1 0.603125 0.853125 0.04791666666666667 0.028125