1 0.6541666666666667 0.42083333333333334 0.029166666666666667 0.029166666666666667
1 0.7322916666666667 0.421875 0.020833333333333332 0.03125
1 0.35104166666666664 0.409375 0.029166666666666667 0.030208333333333334
1 0.378125 0.4083333333333333 0.025 0.025
1 0.7572916666666667 0.42083333333333334 0.029166666666666667 0.028125
1 0.5541666666666667 0.421875 0.026041666666666668 0.023958333333333335
1 0.5875 0.421875 0.035416666666666666 0.023958333333333335
1 0.8104166666666667 0.3958333333333333 0.034375 0.011458333333333333
1 0.10833333333333334 0.3958333333333333 0.0125 0.01875
1 0.8239583333333333 0.4239583333333333 0.03958333333333333 0.029166666666666667
1 0.7916666666666666 0.42291666666666666 0.025 0.022916666666666665
1 0.621875 0.4166666666666667 0.04895833333333333 0.035416666666666666
1 0.765625 0.3958333333333333 0.025 0.010416666666666666
1 0.49895833333333334 0.4041666666666667 0.9979166666666667 0.06979166666666667