1 0.29583333333333334 0.9125 0.028125 0.029166666666666667
1 0.40208333333333335 0.91875 0.035416666666666666 0.03854166666666667
1 0.22395833333333334 0.9291666666666667 0.04583333333333333 0.059375
1 0.43333333333333335 0.9197916666666667 0.022916666666666665 0.019791666666666666
1 0.17083333333333334 0.9520833333333333 0.057291666666666664 0.06979166666666667
1 0.025 0.9739583333333334 0.05 0.04791666666666667
1 0.07708333333333334 0.9708333333333333 0.026041666666666668 0.029166666666666667
1 0.359375 0.9125 0.029166666666666667 0.03125
1 0.31979166666666664 0.9166666666666666 0.020833333333333332 0.020833333333333332
1 0.19583333333333333 0.9270833333333334 0.026041666666666668 0.04375
3 0.24791666666666667 0.90625 0.034375 0.052083333333333336