0 0.5666666666666667 0.6489583333333333 0.8625 0.6791666666666667
0 0.12708333333333333 0.5427083333333333 0.2520833333333333 0.3302083333333333
0 0.6125 0.33645833333333336 0.4895833333333333 0.14583333333333334
0 0.478125 0.34479166666666666 0.4010416666666667 0.16354166666666667
0 0.921875 0.30625 0.15208333333333332 0.1375
0 0.38333333333333336 0.35625 0.3177083333333333 0.15520833333333334
0 0.3697916666666667 0.3177083333333333 0.3697916666666667 0.12291666666666666
0 0.08020833333333334 0.76875 0.15833333333333333 0.440625
0 0.21979166666666666 0.340625 0.14479166666666668 0.10729166666666666
0 0.16875 0.32916666666666666 0.09166666666666666 0.065625
0 0.06666666666666667 0.3729166666666667 0.13229166666666667 0.08958333333333333
0 0.9010416666666666 0.21145833333333333 0.19583333333333333 0.04479166666666667
0 0.6729166666666667 0.21979166666666666 0.15416666666666667 0.03854166666666667