1 0.825 0.7645833333333333 0.346875 0.234375
1 0.25104166666666666 0.6385416666666667 0.071875 0.0875
1 0.3145833333333333 0.6333333333333333 0.08541666666666667 0.071875
1 0.5291666666666667 0.6354166666666666 0.15 0.06458333333333334
1 0.38645833333333335 0.6645833333333333 0.271875 0.109375
1 0.10104166666666667 0.7 0.20208333333333334 0.21354166666666666
1 0.45416666666666666 0.796875 0.4625 0.309375
1 0.8583333333333333 0.8354166666666667 0.2791666666666667 0.32395833333333335
1 0.04479166666666667 0.615625 0.03229166666666667 0.03958333333333333
1 0.03958333333333333 0.603125 0.04583333333333333 0.03958333333333333
1 0.8125 0.6729166666666667 0.3614583333333333 0.109375