1 0.9395833333333333 0.40625 0.11666666666666667 0.17083333333333334
1 0.546875 0.4010416666666667 0.10833333333333334 0.125
1 0.5364583333333334 0.35 0.12395833333333334 0.075
1 0.15833333333333333 0.3802083333333333 0.14479166666666668 0.09791666666666667
1 0.03125 0.396875 0.06145833333333333 0.16458333333333333
1 0.07395833333333333 0.39791666666666664 0.078125 0.07395833333333333
1 0.846875 0.40520833333333334 0.022916666666666665 0.06041666666666667
1 0.6677083333333333 0.3645833333333333 0.046875 0.036458333333333336
1 0.04791666666666667 0.35208333333333336 0.08229166666666667 0.058333333333333334
1 0.6947916666666667 0.35625 0.040625 0.023958333333333335
1 0.35833333333333334 0.3927083333333333 0.059375 0.11979166666666667
1 0.665625 0.40520833333333334 0.03958333333333333 0.10625
1 0.34791666666666665 0.32916666666666666 0.04479166666666667 0.016666666666666666
1 0.2791666666666667 0.34270833333333334 0.484375 0.05416666666666667