1 0.48020833333333335 0.6666666666666666 0.940625 0.5208333333333334
1 0.25625 0.328125 0.509375 0.18229166666666666
1 0.63125 0.31666666666666665 0.09375 0.109375
1 0.9364583333333333 0.3145833333333333 0.12291666666666666 0.09166666666666666
1 0.5760416666666667 0.315625 0.125 0.09375
1 0.49375 0.29375 0.10520833333333333 0.08854166666666667
1 0.19166666666666668 0.5010416666666667 0.38333333333333336 0.35520833333333335
1 0.290625 0.27395833333333336 0.0375 0.021875
1 0.40729166666666666 0.30833333333333335 0.021875 0.059375
1 0.89375 0.28125 0.041666666666666664 0.028125
1 0.896875 0.25625 0.0625 0.014583333333333334
3 0.26145833333333335 0.32916666666666666 0.521875 0.2
1 0.31875 0.28020833333333334 0.04583333333333333 0.028125
1 0.5104166666666666 0.32083333333333336 0.042708333333333334 0.065625
1 0.6114583333333333 0.3072916666666667 0.7708333333333334 0.13958333333333334