0 0.4895833333333333 0.6927083333333334 0.11770833333333333 0.296875
0 0.50625 0.45208333333333334 0.14375 0.14791666666666667
0 0.40729166666666666 0.44583333333333336 0.11354166666666667 0.14479166666666668
0 0.5458333333333333 0.478125 0.071875 0.10729166666666666
3 0.340625 0.7125 0.08020833333333334 0.13125
1 0.65 0.86875 0.12708333333333333 0.1625
1 0.9072916666666667 0.8895833333333333 0.096875 0.15520833333333334
1 0.8541666666666666 0.88125 0.05625 0.16354166666666667
1 0.23854166666666668 0.9125 0.140625 0.165625
1 0.784375 0.846875 0.084375 0.140625
1 0.8552083333333333 0.86875 0.11875 0.15729166666666666
1 0.21145833333333333 0.928125 0.09270833333333334 0.14270833333333333
1 0.32708333333333334 0.8541666666666666 0.05520833333333333 0.13541666666666666
1 0.721875 0.8104166666666667 0.04479166666666667 0.10416666666666667
1 0.65625 0.7510416666666667 0.06458333333333334 0.07395833333333333
1 0.9666666666666667 0.9052083333333333 0.0625 0.18541666666666667
1 0.5760416666666667 0.8875 0.771875 0.18125
1 0.10625 0.8479166666666667 0.2125 0.2989583333333333
1 0.49166666666666664 0.7479166666666667 0.509375 0.14583333333333334