1 0.2875 0.3416666666666667 0.057291666666666664 0.022916666666666665
1 0.29583333333333334 0.3260416666666667 0.03333333333333333 0.021875
1 0.16041666666666668 0.3697916666666667 0.31979166666666664 0.052083333333333336
1 0.14791666666666667 0.3458333333333333 0.034375 0.017708333333333333
1 0.159375 0.33645833333333336 0.051041666666666666 0.020833333333333332
1 0.18333333333333332 0.328125 0.03958333333333333 0.01875
1 0.09270833333333334 0.3645833333333333 0.05625 0.027083333333333334
1 0.13541666666666666 0.35208333333333336 0.03958333333333333 0.025
1 0.15416666666666667 0.340625 0.0375 0.015625
1 0.284375 0.353125 0.07083333333333333 0.030208333333333334
1 0.20520833333333333 0.3229166666666667 0.025 0.0125
1 0.058333333333333334 0.3302083333333333 0.03333333333333333 0.03125