1 0.11145833333333334 0.859375 0.09375 0.134375
1 0.05625 0.790625 0.09166666666666666 0.075
1 0.2916666666666667 0.8197916666666667 0.08020833333333334 0.09270833333333334
1 0.4010416666666667 0.8020833333333334 0.07916666666666666 0.09166666666666666
1 0.5697916666666667 0.7708333333333334 0.03958333333333333 0.03229166666666667
1 0.3625 0.765625 0.019791666666666666 0.028125
1 0.21041666666666667 0.78125 0.030208333333333334 0.034375
1 0.7114583333333333 0.7697916666666667 0.05 0.03333333333333333
1 0.48854166666666665 0.809375 0.04895833333333333 0.06458333333333334
1 0.5197916666666667 0.7708333333333334 0.0375 0.041666666666666664
1 0.325 0.7645833333333333 0.03125 0.01875
1 0.284375 0.7625 0.026041666666666668 0.0125