1 0.8125 0.5572916666666666 0.25 0.3625
1 0.5822916666666667 0.3802083333333333 0.19270833333333334 0.21770833333333334
1 0.20520833333333333 0.371875 0.09791666666666667 0.21041666666666667
1 0.759375 0.4791666666666667 0.21145833333333333 0.35833333333333334
1 0.7333333333333333 0.428125 0.20416666666666666 0.34375
1 0.2375 0.28854166666666664 0.115625 0.17291666666666666
1 0.25729166666666664 0.18645833333333334 0.06354166666666666 0.08854166666666667
1 0.29791666666666666 0.165625 0.07708333333333334 0.084375
1 0.640625 0.23541666666666666 0.13958333333333334 0.065625
0 0.08125 0.38333333333333336 0.1625 0.7625
3 0.45625 0.27708333333333335 0.16354166666666667 0.3375
3 0.40729166666666666 0.17395833333333333 0.11666666666666667 0.19583333333333333
1 0.21770833333333334 0.175 0.07291666666666667 0.08020833333333334
3 0.5989583333333334 0.209375 0.1 0.10104166666666667