1 0.8979166666666667 0.6302083333333334 0.2 0.15208333333333332
1 0.9125 0.43125 0.08229166666666667 0.035416666666666666
1 0.8697916666666666 0.4270833333333333 0.030208333333333334 0.04479166666666667
1 0.8427083333333333 0.42083333333333334 0.022916666666666665 0.020833333333333332
1 0.8166666666666667 0.42291666666666666 0.026041666666666668 0.05
2 0.865625 0.84375 0.253125 0.30833333333333335
2 0.25729166666666664 0.5052083333333334 0.07291666666666667 0.109375
2 0.057291666666666664 0.5479166666666667 0.11458333333333333 0.103125
2 0.041666666666666664 0.48333333333333334 0.04791666666666667 0.04375
0 0.5489583333333333 0.36354166666666665 0.515625 0.5802083333333333
1 0.8875 0.42083333333333334 0.01875 0.01875
1 0.9302083333333333 0.415625 0.06354166666666666 0.03958333333333333