1 0.740625 0.39375 0.14270833333333333 0.140625
1 0.8666666666666667 0.38229166666666664 0.15729166666666666 0.13229166666666667
1 0.3572916666666667 0.4 0.041666666666666664 0.04375
1 0.5416666666666666 0.3885416666666667 0.03958333333333333 0.04791666666666667
1 0.20729166666666668 0.40520833333333334 0.059375 0.046875
1 0.5822916666666667 0.3875 0.041666666666666664 0.04583333333333333
1 0.3125 0.39479166666666665 0.04791666666666667 0.05625
1 0.453125 0.3927083333333333 0.035416666666666666 0.041666666666666664
1 0.39895833333333336 0.3958333333333333 0.014583333333333334 0.040625
1 0.5145833333333333 0.38958333333333334 0.020833333333333332 0.03854166666666667
1 0.10520833333333333 0.4114583333333333 0.03333333333333333 0.028125
1 0.38333333333333336 0.39479166666666665 0.020833333333333332 0.03125
1 0.28229166666666666 0.39895833333333336 0.017708333333333333 0.016666666666666666
1 0.5583333333333333 0.23854166666666668 0.88125 0.44895833333333335