2 0.725 0.5822916666666667 0.026041666666666668 0.03958333333333333
1 0.6291666666666667 0.66875 0.25416666666666665 0.2604166666666667
1 0.36041666666666666 0.5520833333333334 0.11041666666666666 0.11458333333333333
1 0.20208333333333334 0.46770833333333334 0.05625 0.05520833333333333
1 0.25104166666666666 0.45625 0.029166666666666667 0.03229166666666667
1 0.40625 0.4427083333333333 0.029166666666666667 0.035416666666666666
1 0.6947916666666667 0.440625 0.01875 0.022916666666666665
1 0.15625 0.5520833333333334 0.121875 0.11354166666666667
1 0.31979166666666664 0.4583333333333333 0.03854166666666667 0.040625
1 0.5947916666666667 0.528125 0.09270833333333334 0.04895833333333333
1 0.4666666666666667 0.440625 0.03333333333333333 0.010416666666666666
1 0.43020833333333336 0.44479166666666664 0.020833333333333332 0.01875
1 0.6802083333333333 0.4375 0.016666666666666666 0.030208333333333334