1 0.6 0.5927083333333333 0.04791666666666667 0.022916666666666665
1 0.6802083333333333 0.59375 0.04791666666666667 0.028125
1 0.8239583333333333 0.5947916666666667 0.03854166666666667 0.017708333333333333
1 0.5333333333333333 0.5947916666666667 0.05416666666666667 0.023958333333333335
1 0.928125 0.5958333333333333 0.03333333333333333 0.017708333333333333
1 0.9895833333333334 0.5958333333333333 0.01875 0.016666666666666666
1 0.771875 0.5958333333333333 0.036458333333333336 0.017708333333333333
1 0.3458333333333333 0.5875 0.07291666666666667 0.0375
1 0.6375 0.5947916666666667 0.035416666666666666 0.019791666666666666
1 0.725 0.596875 0.040625 0.020833333333333332
1 0.88125 0.5947916666666667 0.030208333333333334 0.021875
1 0.9583333333333334 0.5958333333333333 0.023958333333333335 0.016666666666666666