1 0.409375 0.3875 0.06979166666666667 0.03333333333333333
1 0.4625 0.38645833333333335 0.015625 0.028125
1 0.07395833333333333 0.3875 0.07708333333333334 0.034375
0 0.165625 0.37916666666666665 0.14270833333333333 0.052083333333333336
0 0.403125 0.37604166666666666 0.125 0.04895833333333333
3 0.07395833333333333 0.3885416666666667 0.07916666666666666 0.0375
1 0.434375 0.38229166666666664 0.046875 0.036458333333333336
3 0.5739583333333333 0.37916666666666665 0.06666666666666667 0.05
3 0.434375 0.38333333333333336 0.04895833333333333 0.035416666666666666
1 0.7739583333333333 0.3802083333333333 0.011458333333333333 0.03229166666666667
1 0.5322916666666667 0.3697916666666667 0.03229166666666667 0.022916666666666665
3 0.490625 0.3802083333333333 0.06770833333333333 0.0375
1 0.4864583333333333 0.3802083333333333 0.065625 0.03958333333333333