1 0.3489583333333333 0.44479166666666664 0.05625 0.026041666666666668
1 0.41770833333333335 0.44895833333333335 0.06354166666666666 0.03125
1 0.49895833333333334 0.4552083333333333 0.06145833333333333 0.03125
1 0.5677083333333334 0.46041666666666664 0.04583333333333333 0.022916666666666665
1 0.6385416666666667 0.4635416666666667 0.04583333333333333 0.03125
1 0.865625 0.478125 0.041666666666666664 0.026041666666666668
1 0.9322916666666666 0.48125 0.04375 0.028125
1 0.9791666666666666 0.48854166666666665 0.0375 0.026041666666666668
1 0.3729166666666667 0.44479166666666664 0.040625 0.028125
1 0.7979166666666667 0.471875 0.0625 0.030208333333333334
1 0.11979166666666667 0.42604166666666665 0.0375 0.021875
1 0.21458333333333332 0.434375 0.021875 0.030208333333333334
1 0.2520833333333333 0.440625 0.022916666666666665 0.022916666666666665
1 0.9385416666666667 0.48125 0.010416666666666666 0.026041666666666668