3 0.246875 0.6875 0.20104166666666667 0.35833333333333334
1 0.61875 0.7854166666666667 0.14479166666666668 0.19375
1 0.71875 0.76875 0.12395833333333334 0.16145833333333334
1 0.5020833333333333 0.7583333333333333 0.10520833333333333 0.12083333333333333
1 0.8416666666666667 0.7677083333333333 0.140625 0.15520833333333334
1 0.3854166666666667 0.7375 0.07604166666666666 0.11041666666666666
1 0.7322916666666667 0.68125 0.090625 0.08229166666666667
1 0.596875 0.6791666666666667 0.115625 0.042708333333333334
1 0.4625 0.75 0.065625 0.11875
1 0.7875 0.69375 0.035416666666666666 0.0375
1 0.44375 0.7104166666666667 0.030208333333333334 0.03958333333333333
1 0.3541666666666667 0.7729166666666667 0.036458333333333336 0.10833333333333334
1 0.540625 0.6989583333333333 0.07083333333333333 0.057291666666666664
1 0.8479166666666667 0.696875 0.08541666666666667 0.046875
1 0.5291666666666667 0.69375 0.85625 0.34479166666666666