1 0.7447916666666666 0.58125 0.15520833333333334 0.07708333333333334
1 0.60625 0.5552083333333333 0.057291666666666664 0.028125
1 0.5677083333333334 0.55 0.020833333333333332 0.016666666666666666
1 0.546875 0.5427083333333333 0.025 0.013541666666666667
1 0.9645833333333333 0.5583333333333333 0.06666666666666667 0.029166666666666667
1 0.004166666666666667 0.553125 0.007291666666666667 0.021875
1 0.08229166666666667 0.5447916666666667 0.036458333333333336 0.020833333333333332
1 0.051041666666666666 0.546875 0.04895833333333333 0.023958333333333335
1 0.020833333333333332 0.5479166666666667 0.041666666666666664 0.025
1 0.5802083333333333 0.5520833333333334 0.017708333333333333 0.021875
1 0.6864583333333333 0.5427083333333333 0.025 0.010416666666666666
1 0.10104166666666667 0.5447916666666667 0.059375 0.029166666666666667