1 0.278125 0.3260416666666667 0.075 0.035416666666666666
1 0.28854166666666664 0.28958333333333336 0.05520833333333333 0.03125
1 0.29583333333333334 0.259375 0.051041666666666666 0.030208333333333334
1 0.08333333333333333 0.26875 0.052083333333333336 0.023958333333333335
1 0.04583333333333333 0.28541666666666665 0.04791666666666667 0.03125
1 0.12916666666666668 0.24895833333333334 0.04479166666666667 0.022916666666666665
1 0.15208333333333332 0.22708333333333333 0.03958333333333333 0.020833333333333332
2 0.7916666666666666 0.7729166666666667 0.09166666666666666 0.10833333333333334
1 0.30416666666666664 0.265625 0.04895833333333333 0.025
1 0.26875 0.2989583333333333 0.059375 0.03229166666666667
1 0.04895833333333333 0.24583333333333332 0.042708333333333334 0.022916666666666665
1 0.16145833333333334 0.22291666666666668 0.034375 0.01875
1 0.3885416666666667 0.22604166666666667 0.03958333333333333 0.016666666666666666
2 0.49375 0.909375 0.11770833333333333 0.09583333333333334
2 0.48854166666666665 0.7427083333333333 0.090625 0.08854166666666667
2 0.4270833333333333 0.7010416666666667 0.08020833333333334 0.07083333333333333
2 0.7270833333333333 0.6010416666666667 0.06458333333333334 0.06354166666666666
2 0.33125 0.9135416666666667 0.11770833333333333 0.14583333333333334
2 0.47604166666666664 0.4395833333333333 0.04479166666666667 0.028125
2 0.5479166666666667 0.94375 0.11041666666666666 0.084375
2 0.3854166666666667 0.8197916666666667 0.09166666666666666 0.103125
2 0.8302083333333333 0.6270833333333333 0.06875 0.07395833333333333
2 0.378125 0.6697916666666667 0.06666666666666667 0.06979166666666667
2 0.3416666666666667 0.6302083333333334 0.057291666666666664 0.06666666666666667
1 0.46041666666666664 0.22604166666666667 0.04791666666666667 0.019791666666666666
2 0.44895833333333335 0.6 0.07395833333333333 0.071875
2 0.48020833333333335 0.684375 0.4083333333333333 0.26875
1 0.30833333333333335 0.23541666666666666 0.06458333333333334 0.05