1 0.46770833333333334 0.53125 0.14375 0.0625
1 0.9052083333333333 0.5145833333333333 0.18541666666666667 0.06666666666666667
1 0.8822916666666667 0.4864583333333333 0.121875 0.029166666666666667
1 0.625 0.5 0.06875 0.029166666666666667
1 0.7645833333333333 0.503125 0.11354166666666667 0.040625
1 0.409375 0.4979166666666667 0.06666666666666667 0.035416666666666666
1 0.2604166666666667 0.5229166666666667 0.04583333333333333 0.03125
1 0.690625 0.5 0.06666666666666667 0.03958333333333333
1 0.5708333333333333 0.49375 0.07083333333333333 0.041666666666666664
1 0.359375 0.4979166666666667 0.021875 0.017708333333333333
1 0.31875 0.4979166666666667 0.022916666666666665 0.015625