1 0.07083333333333333 0.32395833333333335 0.046875 0.04479166666666667
1 0.14895833333333333 0.3104166666666667 0.06041666666666667 0.03854166666666667
1 0.20833333333333334 0.29270833333333335 0.065625 0.029166666666666667
1 0.30520833333333336 0.26875 0.08020833333333334 0.035416666666666666
1 0.37604166666666666 0.24583333333333332 0.025 0.014583333333333334
1 0.026041666666666668 0.34479166666666666 0.051041666666666666 0.04583333333333333
1 0.9833333333333333 0.13333333333333333 0.0125 0.022916666666666665
1 0.25729166666666664 0.26875 0.03958333333333333 0.035416666666666666
1 0.3958333333333333 0.24479166666666666 0.011458333333333333 0.014583333333333334
1 0.409375 0.2375 0.030208333333333334 0.019791666666666666
1 0.3614583333333333 0.25416666666666665 0.04895833333333333 0.022916666666666665