1 0.2791666666666667 0.5125 0.128125 0.17708333333333334
1 0.784375 0.50625 0.1 0.06979166666666667
1 0.8895833333333333 0.525 0.12604166666666666 0.08854166666666667
1 0.7125 0.49895833333333334 0.07395833333333333 0.05520833333333333
1 0.9739583333333334 0.5416666666666666 0.04791666666666667 0.09166666666666666
0 0.5145833333333333 0.4510416666666667 0.309375 0.3614583333333333
1 0.3572916666666667 0.4479166666666667 0.016666666666666666 0.040625
1 0.346875 0.4375 0.014583333333333334 0.017708333333333333
1 0.6979166666666666 0.471875 0.057291666666666664 0.03854166666666667
1 0.9895833333333334 0.471875 0.016666666666666666 0.026041666666666668
1 0.3260416666666667 0.4427083333333333 0.0125 0.017708333333333333