1 0.31979166666666664 0.3385416666666667 0.015625 0.01875
1 0.346875 0.3385416666666667 0.016666666666666666 0.016666666666666666
1 0.29375 0.33645833333333336 0.019791666666666666 0.020833333333333332
1 0.6729166666666667 0.2864583333333333 0.015625 0.013541666666666667
1 0.7041666666666667 0.2791666666666667 0.008333333333333333 0.015625
1 0.6989583333333333 0.26145833333333335 0.0125 0.014583333333333334
1 0.7458333333333333 0.2625 0.011458333333333333 0.011458333333333333
1 0.55 0.29791666666666666 0.0125 0.0125
1 0.24166666666666667 0.35104166666666664 0.017708333333333333 0.017708333333333333
1 0.5645833333333333 0.2989583333333333 0.011458333333333333 0.007291666666666667
1 0.12604166666666666 0.30520833333333336 0.022916666666666665 0.013541666666666667
1 0.05520833333333333 0.3177083333333333 0.027083333333333334 0.017708333333333333
1 0.5291666666666667 0.26979166666666665 0.396875 0.05416666666666667