1 0.8447916666666667 0.5385416666666667 0.121875 0.06354166666666666
1 0.7760416666666666 0.525 0.09895833333333333 0.03854166666666667
1 0.6947916666666667 0.5239583333333333 0.07395833333333333 0.021875
1 0.6427083333333333 0.5177083333333333 0.029166666666666667 0.016666666666666666
1 0.21458333333333332 0.515625 0.052083333333333336 0.015625
1 0.9020833333333333 0.5229166666666667 0.04895833333333333 0.021875
1 0.07708333333333334 0.5177083333333333 0.03854166666666667 0.017708333333333333
3 0.30833333333333335 0.5322916666666667 0.25729166666666664 0.08125
3 0.146875 0.5270833333333333 0.109375 0.042708333333333334
1 0.05416666666666667 0.5177083333333333 0.041666666666666664 0.01875
1 0.5666666666666667 0.51875 0.04479166666666667 0.016666666666666666
1 0.4635416666666667 0.5197916666666667 0.05520833333333333 0.019791666666666666
1 0.41458333333333336 0.5135416666666667 0.052083333333333336 0.011458333333333333
1 0.5041666666666667 0.5302083333333333 0.9875 0.07083333333333333