1 0.5270833333333333 0.19270833333333334 0.44166666666666665 0.21145833333333333
1 0.34375 0.096875 0.109375 0.084375
1 0.26458333333333334 0.090625 0.04583333333333333 0.06979166666666667
2 0.153125 0.378125 0.30416666666666664 0.646875
2 0.4114583333333333 0.34791666666666665 0.290625 0.5260416666666666
2 0.6510416666666666 0.3385416666666667 0.25104166666666666 0.44583333333333336
2 0.8614583333333333 0.32916666666666666 0.246875 0.4
1 0.5697916666666667 0.05625 0.084375 0.03854166666666667
1 0.6739583333333333 0.07604166666666666 0.078125 0.04895833333333333
1 0.4895833333333333 0.05520833333333333 0.046875 0.03854166666666667
1 0.815625 0.07708333333333334 0.06458333333333334 0.042708333333333334
1 0.85625 0.075 0.0375 0.035416666666666666