1 0.403125 0.9645833333333333 0.49375 0.06666666666666667
1 0.11145833333333334 0.909375 0.041666666666666664 0.026041666666666668
1 0.057291666666666664 0.9229166666666667 0.06354166666666666 0.028125
1 0.2864583333333333 0.9208333333333333 0.052083333333333336 0.025
1 0.2520833333333333 0.9583333333333334 0.10833333333333334 0.04791666666666667
1 0.27395833333333336 0.9427083333333334 0.07604166666666666 0.041666666666666664
1 0.24375 0.8833333333333333 0.015625 0.010416666666666666
1 0.16145833333333334 0.903125 0.034375 0.025
1 0.2 0.90625 0.026041666666666668 0.015625
1 0.28854166666666664 0.8729166666666667 0.013541666666666667 0.008333333333333333
1 0.013541666666666667 0.9333333333333333 0.027083333333333334 0.03333333333333333
1 0.09375 0.91875 0.040625 0.030208333333333334