1 0.915625 0.6947916666666667 0.06458333333333334 0.0875
1 0.023958333333333335 0.628125 0.04791666666666667 0.03958333333333333
2 0.7322916666666667 0.690625 0.04479166666666667 0.08229166666666667
2 0.678125 0.6958333333333333 0.05416666666666667 0.065625
2 0.6197916666666666 0.6947916666666667 0.04583333333333333 0.05625
2 0.5666666666666667 0.69375 0.023958333333333335 0.053125
2 0.5145833333333333 0.6947916666666667 0.04375 0.058333333333333334
2 0.45416666666666666 0.6885416666666667 0.035416666666666666 0.05416666666666667
2 0.7791666666666667 0.7041666666666667 0.04791666666666667 0.05416666666666667
2 0.21979166666666666 0.6708333333333333 0.09479166666666666 0.078125
2 0.13229166666666667 0.6697916666666667 0.09270833333333334 0.07395833333333333
2 0.325 0.6770833333333334 0.075 0.071875
2 0.8427083333333333 0.6979166666666666 0.058333333333333334 0.07291666666666667
2 0.4125 0.6875 0.042708333333333334 0.058333333333333334
2 0.46979166666666666 0.6916666666666667 0.18333333333333332 0.04583333333333333