1 0.725 0.46041666666666664 0.0625 0.08958333333333333
1 0.828125 0.4479166666666667 0.04583333333333333 0.04791666666666667
1 0.20520833333333333 0.5010416666666667 0.14791666666666667 0.121875
1 0.921875 0.45625 0.1 0.065625
1 0.27708333333333335 0.484375 0.075 0.10833333333333334
1 0.04479166666666667 0.5291666666666667 0.08854166666666667 0.15416666666666667
1 0.16979166666666667 0.459375 0.11145833333333334 0.084375
1 0.03125 0.5552083333333333 0.06041666666666667 0.16354166666666667
3 0.05520833333333333 0.40520833333333334 0.109375 0.13333333333333333
3 0.5385416666666667 0.409375 0.078125 0.084375
3 0.8364583333333333 0.415625 0.053125 0.06354166666666666
2 0.171875 0.7708333333333334 0.11041666666666666 0.31666666666666665
2 0.09479166666666666 0.5864583333333333 0.06979166666666667 0.184375
2 0.5052083333333334 0.65 0.0875 0.20729166666666668
2 0.6020833333333333 0.5385416666666667 0.05625 0.12604166666666666
2 0.690625 0.5145833333333333 0.040625 0.096875
2 0.40625 0.5541666666666667 0.051041666666666666 0.15104166666666666
2 0.7666666666666667 0.4635416666666667 0.025 0.05625
2 0.4666666666666667 0.48333333333333334 0.03333333333333333 0.07916666666666666
2 0.33125 0.5270833333333333 0.053125 0.13333333333333333
2 0.6552083333333333 0.5041666666666667 0.03854166666666667 0.08541666666666667
2 0.5552083333333333 0.4875 0.034375 0.075
2 0.63125 0.4739583333333333 0.026041666666666668 0.06666666666666667
2 0.5770833333333333 0.5 0.023958333333333335 0.06875
2 0.709375 0.5010416666666667 0.0125 0.07708333333333334
2 0.79375 0.45416666666666666 0.01875 0.03958333333333333