1 0.7416666666666667 0.559375 0.05416666666666667 0.05520833333333333
1 0.875 0.5166666666666667 0.021875 0.027083333333333334
1 0.9072916666666667 0.5875 0.03854166666666667 0.05520833333333333
1 0.5229166666666667 0.51875 0.06875 0.046875
1 0.8385416666666666 0.5354166666666667 0.030208333333333334 0.03333333333333333
1 0.89375 0.509375 0.023958333333333335 0.026041666666666668
1 0.9333333333333333 0.5489583333333333 0.035416666666666666 0.034375
1 0.809375 0.5395833333333333 0.028125 0.036458333333333336
1 0.5979166666666667 0.5135416666666667 0.040625 0.03333333333333333
1 0.59375 0.4791666666666667 0.026041666666666668 0.020833333333333332
1 0.4583333333333333 0.465625 0.026041666666666668 0.020833333333333332
1 0.78125 0.5510416666666667 0.034375 0.051041666666666666