1 0.8739583333333333 0.4197916666666667 0.20729166666666668 0.33125
2 0.10416666666666667 0.603125 0.19270833333333334 0.44479166666666664
3 0.5197916666666667 0.528125 0.7760416666666666 0.7875
1 0.8458333333333333 0.23229166666666667 0.13541666666666666 0.05416666666666667
1 0.12395833333333334 0.3416666666666667 0.24583333333333332 0.19479166666666667
1 0.22395833333333334 0.21354166666666666 0.052083333333333336 0.15520833333333334
0 0.4979166666666667 0.11458333333333333 0.3145833333333333 0.16354166666666667
2 0.24166666666666667 0.32083333333333336 0.05625 0.178125
1 0.753125 0.24583333333333332 0.06458333333333334 0.08645833333333333
1 0.7833333333333333 0.20104166666666667 0.08958333333333333 0.05416666666666667
1 0.9177083333333333 0.22916666666666666 0.08645833333333333 0.07291666666666667
1 0.9770833333333333 0.27395833333333336 0.041666666666666664 0.13125