2 0.19375 0.6145833333333334 0.3770833333333333 0.74375
2 0.31145833333333334 0.34479166666666666 0.25833333333333336 0.34375
2 0.7385416666666667 0.6614583333333334 0.5197916666666667 0.65
2 0.11875 0.2125 0.11458333333333333 0.20729166666666668
2 0.39166666666666666 0.14895833333333333 0.10208333333333333 0.18229166666666666
2 0.8697916666666666 0.29791666666666666 0.25625 0.46875
2 0.25729166666666664 0.0875 0.240625 0.15416666666666667
2 0.63125 0.309375 0.27291666666666664 0.3125
2 0.65 0.12291666666666666 0.16354166666666667 0.20625
2 0.06354166666666666 0.12916666666666668 0.12604166666666666 0.146875
2 0.7635416666666667 0.16770833333333332 0.18541666666666667 0.15416666666666667