1 0.5375 0.909375 0.08541666666666667 0.023958333333333335
1 0.6791666666666667 0.90625 0.065625 0.028125
1 0.7375 0.9010416666666666 0.06145833333333333 0.027083333333333334
1 0.18229166666666666 0.9145833333333333 0.06770833333333333 0.022916666666666665
1 0.634375 0.903125 0.041666666666666664 0.029166666666666667
1 0.8364583333333333 0.903125 0.03958333333333333 0.020833333333333332
1 0.058333333333333334 0.9166666666666666 0.07083333333333333 0.025
1 0.8020833333333334 0.9041666666666667 0.03229166666666667 0.020833333333333332
1 0.14270833333333333 0.9135416666666667 0.05625 0.023958333333333335
1 0.10104166666666667 0.9145833333333333 0.03854166666666667 0.022916666666666665
1 0.775 0.9041666666666667 0.022916666666666665 0.015625