1 0.290625 0.74375 0.022916666666666665 0.009375
1 0.4114583333333333 0.7479166666666667 0.014583333333333334 0.009375
1 0.378125 0.7541666666666667 0.022916666666666665 0.00625
0 0.178125 0.76875 0.051041666666666666 0.009375
1 0.18958333333333333 0.7604166666666666 0.013541666666666667 0.008333333333333333
1 0.12083333333333333 0.7635416666666667 0.013541666666666667 0.00625
1 0.2947916666666667 0.7604166666666666 0.010416666666666666 0.005208333333333333
1 0.10104166666666667 0.7635416666666667 0.016666666666666666 0.010416666666666666
1 0.17604166666666668 0.740625 0.019791666666666666 0.00625
1 0.328125 0.7541666666666667 0.008333333333333333 0.005208333333333333
1 0.2375 0.765625 0.016666666666666666 0.008333333333333333
1 0.25 0.7625 0.009375 0.005208333333333333
1 0.30833333333333335 0.7572916666666667 0.01875 0.00625
1 0.22916666666666666 0.7614583333333333 0.015625 0.009375
1 0.2375 0.7072916666666667 0.4708333333333333 0.12291666666666666