2 0.5364583333333334 0.4822916666666667 0.7104166666666667 0.959375
2 0.43333333333333335 0.284375 0.41458333333333336 0.39375
1 0.9270833333333334 0.13541666666666666 0.14375 0.13854166666666667
1 0.5145833333333333 0.1125 0.1125 0.075
1 0.6395833333333333 0.10729166666666666 0.078125 0.0625
3 0.25104166666666666 0.12604166666666666 0.22604166666666667 0.16979166666666667
3 0.6958333333333333 0.09375 0.06145833333333333 0.075
3 0.871875 0.075 0.052083333333333336 0.03229166666666667
1 0.884375 0.11770833333333333 0.10208333333333333 0.10833333333333334
1 0.828125 0.10416666666666667 0.026041666666666668 0.026041666666666668
1 0.7979166666666667 0.096875 0.03854166666666667 0.04583333333333333
3 0.7354166666666667 0.09583333333333334 0.04375 0.05520833333333333