1 0.26875 0.49895833333333334 0.034375 0.035416666666666666
1 0.296875 0.48854166666666665 0.026041666666666668 0.029166666666666667
1 0.28541666666666665 0.49270833333333336 0.021875 0.028125
1 0.020833333333333332 0.50625 0.040625 0.03125
1 0.49895833333333334 0.48020833333333335 0.021875 0.023958333333333335
1 0.3104166666666667 0.46875 0.015625 0.017708333333333333
1 0.228125 0.475 0.026041666666666668 0.023958333333333335
1 0.15833333333333333 0.48333333333333334 0.013541666666666667 0.016666666666666666
1 0.24583333333333332 0.475 0.014583333333333334 0.023958333333333335
1 0.26458333333333334 0.475 0.019791666666666666 0.01875
1 0.4708333333333333 0.4708333333333333 0.019791666666666666 0.017708333333333333
1 0.19583333333333333 0.47708333333333336 0.025 0.03125
1 0.278125 0.471875 0.014583333333333334 0.013541666666666667
1 0.25104166666666666 0.4666666666666667 0.23333333333333334 0.0375