1 0.5625 0.8 0.06666666666666667 0.057291666666666664
1 0.4083333333333333 0.7729166666666667 0.05416666666666667 0.053125
0 0.415625 0.753125 0.09270833333333334 0.07291666666666667
1 0.3125 0.7520833333333333 0.026041666666666668 0.03229166666666667
1 0.18229166666666666 0.74375 0.015625 0.01875
1 0.18125 0.7708333333333334 0.026041666666666668 0.028125
1 0.15208333333333332 0.7395833333333334 0.014583333333333334 0.019791666666666666
1 0.11979166666666667 0.775 0.022916666666666665 0.03333333333333333
1 0.109375 0.7208333333333333 0.010416666666666666 0.010416666666666666
0 0.26666666666666666 0.7375 0.04479166666666667 0.05625
1 0.12916666666666668 0.7166666666666667 0.008333333333333333 0.008333333333333333
0 0.346875 0.7427083333333333 0.04375 0.04583333333333333