1 0.10729166666666666 0.703125 0.09791666666666667 0.10104166666666667
1 0.671875 0.7229166666666667 0.1 0.11354166666666667
1 0.9072916666666667 0.9083333333333333 0.18125 0.1625
1 0.625 0.7166666666666667 0.03958333333333333 0.09583333333333334
1 0.9177083333333333 0.7010416666666667 0.10625 0.10833333333333334
3 0.4427083333333333 0.6354166666666666 0.221875 0.21354166666666666
1 0.6020833333333333 0.696875 0.05 0.065625
1 0.9885416666666667 0.7125 0.020833333333333332 0.078125
1 0.22395833333333334 0.7010416666666667 0.05520833333333333 0.065625
1 0.16666666666666666 0.6947916666666667 0.06354166666666666 0.10416666666666667
1 0.8145833333333333 0.7020833333333333 0.1 0.10520833333333333
1 0.746875 0.70625 0.057291666666666664 0.07708333333333334