1 0.9458333333333333 0.5958333333333333 0.10625 0.1125
1 0.8854166666666666 0.5395833333333333 0.06354166666666666 0.084375
1 0.9239583333333333 0.5197916666666667 0.06145833333333333 0.075
1 0.96875 0.49583333333333335 0.05625 0.06041666666666667
1 0.0375 0.6145833333333334 0.07395833333333333 0.15729166666666666
1 0.078125 0.53125 0.12083333333333333 0.05625
2 0.26458333333333334 0.7708333333333334 0.06666666666666667 0.140625
0 0.35 0.6177083333333333 0.4395833333333333 0.36875
0 0.671875 0.559375 0.2375 0.2520833333333333
0 0.81875 0.509375 0.08125 0.2
0 0.10416666666666667 0.5729166666666666 0.065625 0.24166666666666667
1 0.9791666666666666 0.534375 0.0375 0.03958333333333333