1 0.49270833333333336 0.759375 0.15208333333333332 0.07604166666666666
1 0.25729166666666664 0.7375 0.11041666666666666 0.052083333333333336
1 0.32916666666666666 0.7260416666666667 0.08541666666666667 0.04375
1 0.37395833333333334 0.7125 0.065625 0.03958333333333333
1 0.42083333333333334 0.7083333333333334 0.053125 0.034375
1 0.4625 0.703125 0.036458333333333336 0.026041666666666668
1 0.484375 0.6989583333333333 0.041666666666666664 0.025
1 0.12708333333333333 0.7645833333333333 0.19479166666666667 0.07916666666666666
1 0.5833333333333334 0.73125 0.075 0.05416666666666667
1 0.6177083333333333 0.71875 0.07395833333333333 0.041666666666666664
1 0.525 0.6916666666666667 0.0375 0.020833333333333332
1 0.634375 0.7041666666666667 0.06354166666666666 0.034375
1 0.5041666666666667 0.6947916666666667 0.035416666666666666 0.020833333333333332