1 0.8197916666666667 0.7864583333333334 0.3020833333333333 0.26666666666666666
1 0.8020833333333334 0.6395833333333333 0.05625 0.042708333333333334
1 0.6604166666666667 0.6354166666666666 0.041666666666666664 0.07083333333333333
1 0.7239583333333334 0.64375 0.08333333333333333 0.09583333333333334
2 0.6020833333333333 0.7010416666666667 0.153125 0.140625
2 0.5052083333333334 0.6677083333333333 0.041666666666666664 0.057291666666666664
1 0.6395833333333333 0.6208333333333333 0.058333333333333334 0.04583333333333333
1 0.603125 0.6145833333333334 0.03333333333333333 0.028125
1 0.93125 0.6625 0.13333333333333333 0.14583333333333334
1 0.8385416666666666 0.6260416666666667 0.05625 0.03229166666666667
1 0.4083333333333333 0.6239583333333333 0.03854166666666667 0.03125
0 0.725 0.5916666666666667 0.1 0.121875
0 0.6510416666666666 0.584375 0.05625 0.06145833333333333
2 0.4395833333333333 0.6322916666666667 0.017708333333333333 0.03333333333333333