1 0.8927083333333333 0.615625 0.035416666666666666 0.030208333333333334
1 0.921875 0.609375 0.028125 0.027083333333333334
1 0.809375 0.6322916666666667 0.021875 0.040625
1 0.8364583333333333 0.6260416666666667 0.051041666666666666 0.041666666666666664
1 0.9364583333333333 0.6072916666666667 0.014583333333333334 0.020833333333333332
1 0.9895833333333334 0.64375 0.01875 0.075
1 0.011458333333333333 0.7135416666666666 0.021875 0.075
0 0.7020833333333333 0.6197916666666666 0.19375 0.18229166666666666
1 0.9489583333333333 0.5989583333333334 0.017708333333333333 0.019791666666666666
1 0.9916666666666667 0.590625 0.014583333333333334 0.01875
1 0.98125 0.6145833333333334 0.03229166666666667 0.04895833333333333
1 0.9625 0.5979166666666667 0.0125 0.015625