0 0.5729166666666666 0.6541666666666667 0.3572916666666667 0.17083333333333334
0 0.8885416666666667 0.6114583333333333 0.22083333333333333 0.14375
0 0.5 0.5395833333333333 0.08333333333333333 0.08333333333333333
0 0.18229166666666666 0.6989583333333333 0.23645833333333333 0.14375
0 0.35208333333333336 0.5947916666666667 0.165625 0.09479166666666666
0 0.790625 0.484375 0.13125 0.06770833333333333
0 0.4666666666666667 0.48333333333333334 0.04583333333333333 0.01875
0 0.42083333333333334 0.528125 0.07083333333333333 0.075
0 0.5604166666666667 0.5375 0.09166666666666666 0.08020833333333334
0 0.6489583333333333 0.5479166666666667 0.08541666666666667 0.06354166666666666
0 0.8677083333333333 0.53125 0.10833333333333334 0.05625
0 0.9666666666666667 0.5197916666666667 0.06458333333333334 0.051041666666666666
1 0.165625 0.8604166666666667 0.30520833333333336 0.14375
1 0.14270833333333333 0.940625 0.28541666666666665 0.11458333333333333
1 0.43645833333333334 0.825 0.22395833333333334 0.11145833333333334
1 0.34791666666666665 0.971875 0.2791666666666667 0.052083333333333336
1 0.659375 0.8083333333333333 0.19166666666666668 0.09895833333333333
3 0.6427083333333333 0.928125 0.28541666666666665 0.13958333333333334
1 0.41354166666666664 0.915625 0.23229166666666667 0.12395833333333334
1 0.8791666666666667 0.90625 0.23958333333333334 0.15833333333333333
1 0.6802083333333333 0.8729166666666667 0.21041666666666667 0.09166666666666666
1 0.75625 0.984375 0.20833333333333334 0.030208333333333334
3 0.815625 0.7708333333333334 0.15208333333333332 0.090625
3 0.884375 0.5114583333333333 0.10104166666666667 0.07291666666666667
3 0.8833333333333333 0.8083333333333333 0.23125 0.12083333333333333
0 0.22708333333333333 0.5541666666666667 0.06979166666666667 0.12708333333333333
0 0.6583333333333333 0.5020833333333333 0.56875 0.20416666666666666