1 0.7822916666666667 0.6760416666666667 0.028125 0.025
1 0.49895833333333334 0.6697916666666667 0.03958333333333333 0.022916666666666665
1 0.5947916666666667 0.671875 0.021875 0.013541666666666667
1 0.7979166666666667 0.675 0.009375 0.01875
1 0.546875 0.6708333333333333 0.019791666666666666 0.017708333333333333
1 0.825 0.671875 0.01875 0.020833333333333332
1 0.8802083333333334 0.678125 0.020833333333333332 0.0125
1 0.903125 0.6729166666666667 0.0125 0.013541666666666667
1 0.9489583333333333 0.678125 0.029166666666666667 0.022916666666666665
1 0.7416666666666667 0.6760416666666667 0.020833333333333332 0.010416666666666666
1 0.734375 0.6708333333333333 0.028125 0.015625
3 0.6166666666666667 0.6729166666666667 0.03333333333333333 0.025