1 0.08645833333333333 0.5364583333333334 0.109375 0.07291666666666667
1 0.38229166666666664 0.53125 0.09375 0.06354166666666666
1 0.621875 0.5333333333333333 0.17291666666666666 0.0875
1 0.5333333333333333 0.5145833333333333 0.05416666666666667 0.036458333333333336
1 0.17083333333333334 0.5239583333333333 0.05520833333333333 0.04583333333333333
1 0.203125 0.5083333333333333 0.07291666666666667 0.046875
1 0.7447916666666666 0.5229166666666667 0.030208333333333334 0.04791666666666667
1 0.49375 0.4979166666666667 0.034375 0.016666666666666666
3 0.5333333333333333 0.5145833333333333 0.05520833333333333 0.035416666666666666
3 0.8489583333333334 0.5052083333333334 0.18958333333333333 0.14270833333333333
1 0.39479166666666665 0.5 0.07395833333333333 0.03125
1 0.290625 0.5427083333333333 0.18958333333333333 0.08333333333333333
1 0.13229166666666667 0.5270833333333333 0.06770833333333333 0.057291666666666664