1 0.609375 0.5479166666666667 0.3020833333333333 0.14166666666666666
1 0.7927083333333333 0.4822916666666667 0.01875 0.023958333333333335
1 0.859375 0.5 0.036458333333333336 0.040625
1 0.8760416666666667 0.490625 0.028125 0.034375
1 0.8083333333333333 0.48020833333333335 0.016666666666666666 0.019791666666666666
1 0.775 0.48541666666666666 0.03333333333333333 0.030208333333333334
1 0.88125 0.46770833333333334 0.016666666666666666 0.008333333333333333
3 0.484375 0.5020833333333333 0.10833333333333334 0.0625
3 0.6760416666666667 0.478125 0.042708333333333334 0.03229166666666667
1 0.6739583333333333 0.47708333333333336 0.042708333333333334 0.03333333333333333
1 0.840625 0.46458333333333335 0.010416666666666666 0.009375
1 0.846875 0.4635416666666667 0.005208333333333333 0.008333333333333333
1 0.8802083333333334 0.45729166666666665 0.007291666666666667 0.008333333333333333
1 0.8572916666666667 0.45729166666666665 0.005208333333333333 0.011458333333333333