1 0.978125 0.7239583333333334 0.03333333333333333 0.022916666666666665
1 0.9010416666666666 0.7260416666666667 0.0375 0.016666666666666666
1 0.9135416666666667 0.7270833333333333 0.03125 0.017708333333333333
1 0.9604166666666667 0.725 0.03229166666666667 0.019791666666666666
1 0.8114583333333333 0.7166666666666667 0.023958333333333335 0.016666666666666666
1 0.7854166666666667 0.7166666666666667 0.027083333333333334 0.016666666666666666
1 0.7625 0.7166666666666667 0.019791666666666666 0.011458333333333333
1 0.7145833333333333 0.7135416666666666 0.030208333333333334 0.0125
1 0.9427083333333334 0.715625 0.017708333333333333 0.013541666666666667
1 0.8427083333333333 0.71875 0.058333333333333334 0.029166666666666667
1 0.7354166666666667 0.7135416666666666 0.01875 0.014583333333333334
1 0.9875 0.7270833333333333 0.021875 0.022916666666666665
1 0.6677083333333333 0.7135416666666666 0.0125 0.0125
1 0.5145833333333333 0.7145833333333333 0.89375 0.04791666666666667