1 0.759375 0.7916666666666666 0.07395833333333333 0.15729166666666666
1 0.8729166666666667 0.775 0.16979166666666667 0.22395833333333334
1 0.5385416666666667 0.8010416666666667 0.026041666666666668 0.10520833333333333
1 0.5572916666666666 0.8010416666666667 0.034375 0.13541666666666666
1 0.45 0.828125 0.019791666666666666 0.053125
1 0.4625 0.7916666666666666 0.027083333333333334 0.026041666666666668
1 0.7072916666666667 0.7770833333333333 0.05520833333333333 0.12083333333333333
1 0.5177083333333333 0.8072916666666666 0.04479166666666667 0.10833333333333334
0 0.628125 0.778125 0.115625 0.18333333333333332
3 0.40520833333333334 0.79375 0.07291666666666667 0.13125
3 0.6927083333333334 0.690625 0.12604166666666666 0.115625