0 0.8708333333333333 0.665625 0.21458333333333332 0.17604166666666668
2 0.8177083333333334 0.7364583333333333 0.03229166666666667 0.04375
1 0.5104166666666666 0.70625 0.1125 0.06458333333333334
1 0.6354166666666666 0.6489583333333333 0.051041666666666666 0.05520833333333333
1 0.41875 0.65 0.040625 0.059375
1 0.6864583333333333 0.5927083333333333 0.04895833333333333 0.04895833333333333
1 0.421875 0.49166666666666664 0.014583333333333334 0.017708333333333333
1 0.7447916666666666 0.59375 0.04895833333333333 0.042708333333333334
2 0.5854166666666667 0.69375 0.0375 0.035416666666666666
1 0.5447916666666667 0.528125 0.023958333333333335 0.025
1 0.42604166666666665 0.5541666666666667 0.01875 0.036458333333333336
1 0.3875 0.5364583333333334 0.01875 0.027083333333333334
1 0.40520833333333334 0.5072916666666667 0.0125 0.019791666666666666
1 0.5041666666666667 0.5208333333333334 0.019791666666666666 0.025
1 0.5927083333333333 0.60625 0.041666666666666664 0.04791666666666667
1 0.5979166666666667 0.5604166666666667 0.03333333333333333 0.041666666666666664
1 0.375 0.565625 0.3416666666666667 0.225