1 0.4947916666666667 0.7416666666666667 0.05520833333333333 0.06458333333333334
1 0.2 0.8479166666666667 0.08958333333333333 0.07916666666666666
1 0.5822916666666667 0.6208333333333333 0.03125 0.042708333333333334
1 0.48125 0.94375 0.07604166666666666 0.07083333333333333
1 0.071875 0.8010416666666667 0.06145833333333333 0.07916666666666666
1 0.6479166666666667 0.803125 0.052083333333333336 0.05625
1 0.6729166666666667 0.7479166666666667 0.05 0.07291666666666667
1 0.5979166666666667 0.7416666666666667 0.051041666666666666 0.07916666666666666
1 0.3645833333333333 0.6020833333333333 0.042708333333333334 0.040625
1 0.409375 0.60625 0.03958333333333333 0.046875
1 0.5375 0.48541666666666666 0.022916666666666665 0.029166666666666667
1 0.6510416666666666 0.8416666666666667 0.06875 0.07916666666666666
3 0.5979166666666667 0.7416666666666667 0.04895833333333333 0.07916666666666666