1 0.678125 0.3927083333333333 0.052083333333333336 0.059375
1 0.271875 0.40625 0.075 0.065625
1 0.396875 0.403125 0.08333333333333333 0.05625
1 0.49583333333333335 0.4 0.08333333333333333 0.06041666666666667
1 0.8927083333333333 0.3927083333333333 0.09375 0.09479166666666666
1 0.14166666666666666 0.4083333333333333 0.06770833333333333 0.06145833333333333
1 0.44583333333333336 0.39375 0.035416666666666666 0.036458333333333336
2 0.4895833333333333 0.565625 0.971875 0.8572916666666667
1 0.790625 0.396875 0.128125 0.10104166666666667
1 0.725 0.3958333333333333 0.06666666666666667 0.052083333333333336
1 0.5697916666666667 0.40520833333333334 0.0625 0.03958333333333333
1 0.18541666666666667 0.4041666666666667 0.022916666666666665 0.023958333333333335
1 0.871875 0.378125 0.0375 0.025
1 0.309375 0.3927083333333333 0.017708333333333333 0.035416666666666666