2 0.5083333333333333 0.7302083333333333 0.271875 0.115625
2 0.20520833333333333 0.5552083333333333 0.13333333333333333 0.09375
2 0.125 0.5041666666666667 0.0875 0.058333333333333334
2 0.55625 0.5625 0.1625 0.13645833333333332
2 0.4666666666666667 0.7135416666666666 0.23333333333333334 0.15104166666666666
2 0.7854166666666667 0.6833333333333333 0.1875 0.16145833333333334
2 0.9375 0.778125 0.121875 0.178125
2 0.9010416666666666 0.7208333333333333 0.19583333333333333 0.209375
2 0.7395833333333334 0.6625 0.178125 0.15208333333333332
2 0.6354166666666666 0.6260416666666667 0.15416666666666667 0.12291666666666666
2 0.3854166666666667 0.6708333333333333 0.16979166666666667 0.12395833333333334
2 0.4270833333333333 0.6833333333333333 0.225 0.16875
2 0.33645833333333336 0.634375 0.159375 0.13645833333333332
2 0.5 0.5489583333333333 0.996875 0.36041666666666666