1 0.15833333333333333 0.8895833333333333 0.29583333333333334 0.215625
1 0.328125 0.8875 0.15208333333333332 0.21875
1 0.4197916666666667 0.8635416666666667 0.11666666666666667 0.16145833333333334
1 0.8260416666666667 0.7583333333333333 0.025 0.03229166666666667
1 0.5833333333333334 0.8208333333333333 0.07708333333333334 0.10416666666666667
1 0.6166666666666667 0.8125 0.035416666666666666 0.0875
1 0.6229166666666667 0.8010416666666667 0.06041666666666667 0.09479166666666666
1 0.4625 0.8291666666666667 0.13020833333333334 0.17291666666666666
1 0.546875 0.8364583333333333 0.06354166666666666 0.125
1 0.65 0.79375 0.059375 0.09166666666666666
1 0.684375 0.7885416666666667 0.035416666666666666 0.06458333333333334
1 0.7104166666666667 0.7729166666666667 0.053125 0.07395833333333333
1 0.678125 0.790625 0.020833333333333332 0.059375
1 0.7697916666666667 0.778125 0.171875 0.09583333333333334