1 0.38229166666666664 0.7520833333333333 0.7114583333333333 0.3729166666666667
1 0.5989583333333334 0.69375 0.43333333333333335 0.24895833333333334
1 0.19895833333333332 0.540625 0.15520833333333334 0.04583333333333333
1 0.26666666666666666 0.5395833333333333 0.07708333333333334 0.04895833333333333
1 0.325 0.5458333333333333 0.12395833333333334 0.04791666666666667
1 0.7333333333333333 0.6677083333333333 0.265625 0.2
1 0.5958333333333333 0.5458333333333333 0.05 0.04791666666666667
1 0.016666666666666666 0.61875 0.03333333333333333 0.08229166666666667
1 0.740625 0.6229166666666667 0.23645833333333333 0.11354166666666667
1 0.7979166666666667 0.58125 0.13958333333333334 0.065625
1 0.8385416666666666 0.5458333333333333 0.057291666666666664 0.0375
1 0.08229166666666667 0.5854166666666667 0.16458333333333333 0.09895833333333333
1 0.17604166666666668 0.55 0.10416666666666667 0.03125
3 0.12291666666666666 0.5135416666666667 0.12916666666666668 0.04791666666666667
1 0.471875 0.5739583333333333 0.746875 0.15625