1 0.246875 0.13645833333333332 0.06145833333333333 0.08645833333333333
1 0.20833333333333334 0.14479166666666668 0.04583333333333333 0.09583333333333334
1 0.403125 0.11979166666666667 0.05520833333333333 0.06770833333333333
1 0.36354166666666665 0.14166666666666666 0.042708333333333334 0.06770833333333333
1 0.5385416666666667 0.14375 0.042708333333333334 0.06458333333333334
1 0.6875 0.12083333333333333 0.0375 0.04895833333333333
1 0.6135416666666667 0.128125 0.025 0.03854166666666667
1 0.6270833333333333 0.09791666666666667 0.017708333333333333 0.034375
1 0.7260416666666667 0.11041666666666666 0.034375 0.05520833333333333
1 0.46979166666666666 0.13541666666666666 0.075 0.078125
1 0.028125 0.140625 0.041666666666666664 0.03854166666666667
1 0.43333333333333335 0.10416666666666667 0.023958333333333335 0.04375