1 0.4791666666666667 0.8416666666666667 0.08854166666666667 0.08854166666666667
1 0.8135416666666667 0.8583333333333333 0.08958333333333333 0.08541666666666667
1 0.26145833333333335 0.8854166666666666 0.23125 0.153125
1 0.0625 0.8458333333333333 0.125 0.13229166666666667
1 0.46145833333333336 0.7895833333333333 0.035416666666666666 0.029166666666666667
3 0.5552083333333333 0.7770833333333333 0.06875 0.10625
1 0.38229166666666664 0.8166666666666667 0.029166666666666667 0.027083333333333334
1 0.40729166666666666 0.8239583333333333 0.016666666666666666 0.05416666666666667
1 0.734375 0.8166666666666667 0.06041666666666667 0.052083333333333336
1 0.6895833333333333 0.8177083333333334 0.05625 0.04375
1 0.36770833333333336 0.8322916666666667 0.07395833333333333 0.07083333333333333
1 0.6614583333333334 0.803125 0.03333333333333333 0.05520833333333333