1 0.20625 0.27708333333333335 0.11770833333333333 0.1
1 0.734375 0.2635416666666667 0.10520833333333333 0.11041666666666666
1 0.33645833333333336 0.2125 0.09791666666666667 0.06666666666666667
1 0.503125 0.17916666666666667 0.125 0.06145833333333333
1 0.559375 0.21041666666666667 0.090625 0.05520833333333333
1 0.6354166666666666 0.26875 0.10208333333333333 0.1
1 0.68125 0.17604166666666668 0.134375 0.06979166666666667
1 0.775 0.20208333333333334 0.07916666666666666 0.07083333333333333
1 0.8635416666666667 0.21354166666666666 0.06770833333333333 0.052083333333333336
3 0.23854166666666668 0.20625 0.12916666666666668 0.07708333333333334
3 0.6666666666666666 0.20625 0.09479166666666666 0.06979166666666667
3 0.07291666666666667 0.27395833333333336 0.12916666666666668 0.121875
3 0.9697916666666667 0.16354166666666667 0.058333333333333334 0.06979166666666667
1 0.128125 0.21145833333333333 0.11354166666666667 0.078125
1 0.9427083333333334 0.25 0.08229166666666667 0.121875
1 0.321875 0.275 0.115625 0.09895833333333333
1 0.5354166666666667 0.27291666666666664 0.109375 0.10208333333333333
1 0.5 0.18645833333333334 0.996875 0.28854166666666664