1 0.6520833333333333 0.7333333333333333 0.19479166666666667 0.15104166666666666
1 0.5291666666666667 0.6989583333333333 0.11770833333333333 0.09583333333333334
1 0.3729166666666667 0.6802083333333333 0.065625 0.06458333333333334
1 0.43854166666666666 0.6864583333333333 0.08541666666666667 0.071875
2 0.32083333333333336 0.6885416666666667 0.014583333333333334 0.03333333333333333
0 0.715625 0.60625 0.17604166666666668 0.058333333333333334
1 0.3020833333333333 0.634375 0.075 0.027083333333333334
1 0.6354166666666666 0.6604166666666667 0.103125 0.040625
1 0.48125 0.6666666666666666 0.029166666666666667 0.03333333333333333
1 0.24791666666666667 0.5854166666666667 0.015625 0.014583333333333334
1 0.365625 0.6114583333333333 0.016666666666666666 0.020833333333333332
1 0.359375 0.609375 0.016666666666666666 0.026041666666666668
3 0.875 0.6875 0.24270833333333333 0.17708333333333334