1 0.5260416666666666 0.9666666666666667 0.12708333333333333 0.065625
1 0.4041666666666667 0.9552083333333333 0.0625 0.04895833333333333
1 0.328125 0.98125 0.109375 0.03333333333333333
1 0.21041666666666667 0.928125 0.03125 0.030208333333333334
1 0.4739583333333333 0.9302083333333333 0.052083333333333336 0.030208333333333334
1 0.45625 0.971875 0.040625 0.05416666666666667
1 0.44375 0.9229166666666667 0.05 0.03333333333333333
3 0.35625 0.9479166666666666 0.07291666666666667 0.06354166666666666
3 0.259375 0.928125 0.052083333333333336 0.03333333333333333
1 0.11354166666666667 0.9385416666666667 0.0375 0.03125
1 0.14895833333333333 0.9395833333333333 0.03854166666666667 0.03125
0 0.5635416666666667 0.9354166666666667 0.11145833333333334 0.10729166666666666
3 0.5614583333333333 0.9364583333333333 0.11145833333333334 0.09375