2 0.49895833333333334 0.6010416666666667 0.25104166666666666 0.540625
2 0.06041666666666667 0.6354166666666666 0.11354166666666667 0.259375
2 0.036458333333333336 0.6947916666666667 0.07083333333333333 0.24270833333333333
2 0.059375 0.2947916666666667 0.08645833333333333 0.24270833333333333
2 0.7 0.46458333333333335 0.21979166666666666 0.459375
2 0.5135416666666667 0.24166666666666667 0.058333333333333334 0.121875
2 0.9125 0.321875 0.17083333333333334 0.28541666666666665
2 0.7520833333333333 0.271875 0.11875 0.18854166666666666
2 0.8229166666666666 0.30625 0.115625 0.2635416666666667
2 0.1875 0.390625 0.16041666666666668 0.35625
2 0.571875 0.2520833333333333 0.08333333333333333 0.17916666666666667