3 0.6 0.6760416666666667 0.23958333333333334 0.11041666666666666
1 0.3229166666666667 0.659375 0.03125 0.03958333333333333
1 0.2864583333333333 0.6625 0.059375 0.051041666666666666
1 0.38229166666666664 0.6427083333333333 0.022916666666666665 0.03229166666666667
1 0.46979166666666666 0.6333333333333333 0.014583333333333334 0.019791666666666666
3 0.403125 0.6385416666666667 0.025 0.030208333333333334
3 0.54375 0.634375 0.036458333333333336 0.028125
1 0.36041666666666666 0.6479166666666667 0.041666666666666664 0.03958333333333333
1 0.43020833333333336 0.6364583333333333 0.013541666666666667 0.023958333333333335
1 0.403125 0.6395833333333333 0.027083333333333334 0.03333333333333333
1 0.5489583333333333 0.634375 0.036458333333333336 0.026041666666666668
1 0.5229166666666667 0.6354166666666666 0.014583333333333334 0.022916666666666665
1 0.41875 0.6375 0.016666666666666666 0.027083333333333334