0 0.26875 0.7583333333333333 0.13229166666666667 0.16770833333333332
1 0.5510416666666667 0.8510416666666667 0.075 0.08854166666666667
1 0.27708333333333335 0.8822916666666667 0.10416666666666667 0.10416666666666667
1 0.690625 0.8270833333333333 0.090625 0.09375
1 0.5583333333333333 0.7958333333333333 0.07604166666666666 0.06979166666666667
1 0.46458333333333335 0.7427083333333333 0.065625 0.06145833333333333
1 0.384375 0.7114583333333333 0.06041666666666667 0.053125
1 0.646875 0.6979166666666666 0.057291666666666664 0.04583333333333333
1 0.725 0.6947916666666667 0.059375 0.0625
1 0.4041666666666667 0.8041666666666667 0.07708333333333334 0.06354166666666666
1 0.47708333333333336 0.69375 0.059375 0.06041666666666667
1 0.496875 0.640625 0.034375 0.023958333333333335
1 0.5614583333333333 0.6989583333333333 0.053125 0.051041666666666666
1 0.6979166666666666 0.8885416666666667 0.08958333333333333 0.09375
1 0.4979166666666667 0.7479166666666667 0.98125 0.46458333333333335