1 0.5302083333333333 0.73125 0.103125 0.18541666666666667
1 0.13958333333333334 0.7239583333333334 0.078125 0.18125
1 0.409375 0.6260416666666667 0.04375 0.071875
1 0.075 0.734375 0.14895833333333333 0.22083333333333333
1 0.6572916666666667 0.6291666666666667 0.04375 0.07291666666666667
1 0.9072916666666667 0.7 0.09895833333333333 0.13541666666666666
1 0.9385416666666667 0.7135416666666666 0.07395833333333333 0.14583333333333334
1 0.7114583333333333 0.64375 0.109375 0.07083333333333333
1 0.46041666666666664 0.6822916666666666 0.065625 0.115625
1 0.6354166666666666 0.6270833333333333 0.06354166666666666 0.07395833333333333
1 0.3854166666666667 0.6166666666666667 0.017708333333333333 0.052083333333333336
1 0.5635416666666667 0.66875 0.058333333333333334 0.11458333333333333
1 0.7104166666666667 0.6114583333333333 0.051041666666666666 0.03958333333333333
1 0.5 0.69375 0.996875 0.384375