1 0.44479166666666664 0.38645833333333335 0.19270833333333334 0.18333333333333332
3 0.27708333333333335 0.5739583333333333 0.4635416666666667 0.55625
1 0.971875 0.2864583333333333 0.052083333333333336 0.022916666666666665
2 0.7 0.35520833333333335 0.06875 0.09270833333333334
2 0.9541666666666667 0.390625 0.078125 0.11354166666666667
2 0.65625 0.3489583333333333 0.07291666666666667 0.09791666666666667
2 0.78125 0.36041666666666666 0.06979166666666667 0.0875
2 0.8479166666666667 0.3729166666666667 0.08125 0.08958333333333333
2 0.8875 0.346875 0.07708333333333334 0.11770833333333333
2 0.6041666666666666 0.3416666666666667 0.08333333333333333 0.096875
2 0.5614583333333333 0.34791666666666665 0.05 0.08333333333333333
2 0.7447916666666666 0.3489583333333333 0.030208333333333334 0.10625
3 0.446875 0.3802083333333333 0.19791666666666666 0.190625