2 0.7489583333333333 0.8708333333333333 0.4947916666666667 0.21666666666666667
2 0.80625 0.634375 0.384375 0.396875
2 0.6447916666666667 0.5447916666666667 0.353125 0.321875
2 0.615625 0.4197916666666667 0.23125 0.13645833333333332
2 0.465625 0.2916666666666667 0.06458333333333334 0.09895833333333333
2 0.4125 0.32395833333333335 0.046875 0.14479166666666668
2 0.8958333333333334 0.3729166666666667 0.06354166666666666 0.04895833333333333
2 0.7770833333333333 0.3385416666666667 0.09166666666666666 0.08333333333333333
2 0.6895833333333333 0.36041666666666666 0.12291666666666666 0.109375
2 0.5104166666666666 0.31979166666666664 0.03125 0.09270833333333334
2 0.8635416666666667 0.40729166666666666 0.171875 0.15416666666666667