1 0.7583333333333333 0.46458333333333335 0.48125 0.5979166666666667
1 0.6989583333333333 0.159375 0.140625 0.12395833333333334
1 0.3927083333333333 0.18958333333333333 0.19375 0.21458333333333332
1 0.6104166666666667 0.11041666666666666 0.12291666666666666 0.059375
1 0.28229166666666666 0.15520833333333334 0.103125 0.125
1 0.8270833333333333 0.15104166666666666 0.25104166666666666 0.1
1 0.2875 0.175 0.065625 0.15833333333333333
1 0.5291666666666667 0.103125 0.08645833333333333 0.035416666666666666
1 0.509375 0.22395833333333334 0.3104166666666667 0.2125
1 0.49375 0.096875 0.05520833333333333 0.03333333333333333
1 0.9697916666666667 0.14895833333333333 0.059375 0.046875
3 0.27395833333333336 0.10729166666666666 0.12395833333333334 0.13645833333333332