2 0.5479166666666667 0.4739583333333333 0.5625 0.6291666666666667
2 0.8208333333333333 0.30625 0.3541666666666667 0.45416666666666666
2 0.6260416666666667 0.16458333333333333 0.2375 0.18541666666666667
2 0.08229166666666667 0.27291666666666664 0.109375 0.25833333333333336
2 0.29583333333333334 0.20208333333333334 0.08645833333333333 0.2375
2 0.3854166666666667 0.19583333333333333 0.103125 0.09895833333333333
2 0.42083333333333334 0.14583333333333334 0.10104166666666667 0.13645833333333332
2 0.753125 0.12291666666666666 0.06145833333333333 0.14375
2 0.15520833333333334 0.153125 0.0375 0.0875
2 0.33645833333333336 0.13125 0.042708333333333334 0.06354166666666666
2 0.9729166666666667 0.10104166666666667 0.052083333333333336 0.11041666666666666
2 0.559375 0.11145833333333334 0.103125 0.071875
2 0.4739583333333333 0.15416666666666667 0.04791666666666667 0.08958333333333333