1 0.5979166666666667 0.7135416666666666 0.16458333333333333 0.08333333333333333
1 0.7114583333333333 0.69375 0.03125 0.05
1 0.121875 0.6541666666666667 0.10520833333333333 0.027083333333333334
1 0.6583333333333333 0.68125 0.08541666666666667 0.03854166666666667
1 0.046875 0.69375 0.09375 0.096875
1 0.28125 0.6614583333333334 0.04583333333333333 0.057291666666666664
1 0.034375 0.775 0.06875 0.12083333333333333
1 0.5395833333333333 0.6614583333333334 0.021875 0.015625
1 0.7166666666666667 0.6645833333333333 0.029166666666666667 0.014583333333333334
1 0.06145833333333333 0.65 0.0875 0.03333333333333333
1 0.434375 0.6625 0.042708333333333334 0.025
1 0.503125 0.6552083333333333 0.051041666666666666 0.017708333333333333
1 0.69375 0.7052083333333333 0.041666666666666664 0.053125
1 0.6625 0.6572916666666667 0.15 0.020833333333333332