2 0.49895833333333334 0.578125 0.115625 0.1125
2 0.42291666666666666 0.5666666666666667 0.12916666666666668 0.16875
2 0.3489583333333333 0.5854166666666667 0.103125 0.14479166666666668
2 0.2791666666666667 0.5822916666666667 0.12916666666666668 0.17916666666666667
2 0.18125 0.5760416666666667 0.08645833333333333 0.18333333333333332
2 0.10520833333333333 0.6010416666666667 0.21041666666666667 0.20208333333333334
2 0.7333333333333333 0.5302083333333333 0.042708333333333334 0.07708333333333334
2 0.6333333333333333 0.5125 0.051041666666666666 0.07395833333333333
2 0.6666666666666666 0.5322916666666667 0.05625 0.078125
2 0.5739583333333333 0.5458333333333333 0.109375 0.11875
2 0.6229166666666667 0.5364583333333334 0.08020833333333334 0.13333333333333333
2 0.6989583333333333 0.5322916666666667 0.04583333333333333 0.07916666666666666