1 0.9479166666666666 0.5104166666666666 0.1 0.234375
1 0.9395833333333333 0.4947916666666667 0.11979166666666667 0.225
1 0.7010416666666667 0.47291666666666665 0.04479166666666667 0.125
1 0.4125 0.490625 0.19479166666666667 0.2604166666666667
1 0.7958333333333333 0.475 0.053125 0.12708333333333333
1 0.515625 0.4 0.05416666666666667 0.06458333333333334
1 0.9135416666666667 0.4864583333333333 0.09166666666666666 0.221875
1 0.378125 0.41354166666666664 0.13958333333333334 0.153125
1 0.871875 0.4166666666666667 0.05625 0.09166666666666666
2 0.5489583333333333 0.6458333333333334 0.18333333333333332 0.33958333333333335
1 0.2916666666666667 0.375 0.05625 0.08541666666666667
1 0.696875 0.46145833333333336 0.08020833333333334 0.134375
1 0.5916666666666667 0.4010416666666667 0.057291666666666664 0.058333333333333334