1 0.68125 0.7114583333333333 0.1375 0.146875
1 0.5322916666666667 0.69375 0.14479166666666668 0.159375
1 0.39375 0.6958333333333333 0.13020833333333334 0.134375
1 0.26666666666666666 0.6958333333333333 0.165625 0.12395833333333334
1 0.12395833333333334 0.6916666666666667 0.16770833333333332 0.128125
1 0.79375 0.6916666666666667 0.13229166666666667 0.11875
1 0.6333333333333333 0.6916666666666667 0.07604166666666666 0.14791666666666667
0 0.6854166666666667 0.6041666666666666 0.05625 0.096875
0 0.6302083333333334 0.590625 0.014583333333333334 0.06145833333333333
0 0.23854166666666668 0.584375 0.04375 0.0375
1 0.027083333333333334 0.690625 0.053125 0.08854166666666667
1 0.9416666666666667 0.653125 0.1125 0.09375
1 0.09166666666666666 0.6510416666666666 0.0875 0.05625
0 0.7427083333333333 0.5864583333333333 0.034375 0.04479166666666667
1 0.034375 0.6520833333333333 0.06354166666666666 0.04479166666666667
1 0.4625 0.6447916666666667 0.03333333333333333 0.03333333333333333