1 0.6895833333333333 0.81875 0.06041666666666667 0.08020833333333334
1 0.1625 0.9416666666666667 0.08854166666666667 0.09479166666666666
1 0.6822916666666666 0.6802083333333333 0.021875 0.03229166666666667
0 0.7625 0.7010416666666667 0.051041666666666666 0.07083333333333333
1 0.6489583333333333 0.71875 0.03333333333333333 0.034375
1 0.6989583333333333 0.728125 0.0375 0.017708333333333333
1 0.7614583333333333 0.7020833333333333 0.051041666666666666 0.07083333333333333
1 0.7145833333333333 0.6729166666666667 0.016666666666666666 0.021875
1 0.7020833333333333 0.7114583333333333 0.030208333333333334 0.036458333333333336
1 0.4010416666666667 0.778125 0.0375 0.021875
1 0.7229166666666667 0.634375 0.019791666666666666 0.017708333333333333