1 0.678125 0.9052083333333333 0.178125 0.10520833333333333
0 0.37916666666666665 0.7572916666666667 0.26666666666666666 0.2916666666666667
0 0.6729166666666667 0.5447916666666667 0.19791666666666666 0.16875
1 0.5083333333333333 0.5 0.05 0.03854166666666667
1 0.5072916666666667 0.3958333333333333 0.03229166666666667 0.028125
1 0.5364583333333334 0.3614583333333333 0.03854166666666667 0.019791666666666666
3 0.35 0.5739583333333333 0.084375 0.08229166666666667
3 0.48333333333333334 0.41041666666666665 0.036458333333333336 0.0375
3 0.575 0.34791666666666665 0.023958333333333335 0.030208333333333334
1 0.9604166666666667 0.8916666666666667 0.075 0.11458333333333333
1 0.478125 0.46041666666666664 0.03854166666666667 0.03125
1 0.5104166666666666 0.21770833333333334 0.007291666666666667 0.003125