2 0.371875 0.69375 0.5395833333333333 0.5770833333333333
2 0.6875 0.37083333333333335 0.019791666666666666 0.028125
3 0.3385416666666667 0.28958333333333336 0.23125 0.29375
1 0.7645833333333333 0.42604166666666665 0.2520833333333333 0.30520833333333336
1 0.15520833333333334 0.3927083333333333 0.2625 0.2625
1 0.64375 0.35833333333333334 0.065625 0.07604166666666666
1 0.5697916666666667 0.3802083333333333 0.11041666666666666 0.17604166666666668
1 0.6645833333333333 0.3125 0.051041666666666666 0.052083333333333336
1 0.9197916666666667 0.38645833333333335 0.11041666666666666 0.159375
1 0.49895833333333334 0.3885416666666667 0.9979166666666667 0.178125
1 0.709375 0.29583333333333334 0.058333333333333334 0.053125
1 0.959375 0.31666666666666665 0.0625 0.05520833333333333
1 0.9677083333333333 0.2989583333333333 0.0625 0.041666666666666664
1 0.825 0.3104166666666667 0.030208333333333334 0.03854166666666667
1 0.6989583333333333 0.3177083333333333 0.07291666666666667 0.052083333333333336
0 0.5260416666666666 0.253125 0.15208333333333332 0.10208333333333333
1 0.81875 0.28229166666666666 0.0375 0.041666666666666664