1 0.7 0.740625 0.041666666666666664 0.03229166666666667
1 0.9260416666666667 0.7416666666666667 0.040625 0.027083333333333334
1 0.6052083333333333 0.74375 0.04375 0.030208333333333334
1 0.8375 0.7854166666666667 0.16666666666666666 0.06979166666666667
1 0.7916666666666666 0.7395833333333334 0.03333333333333333 0.020833333333333332
1 0.8541666666666666 0.7416666666666667 0.08541666666666667 0.027083333333333334
1 0.803125 0.7489583333333333 0.04895833333333333 0.010416666666666666
1 0.9729166666666667 0.7375 0.042708333333333334 0.030208333333333334
1 0.75 0.7447916666666666 0.034375 0.023958333333333335
1 0.646875 0.7427083333333333 0.036458333333333336 0.026041666666666668
1 0.020833333333333332 0.7520833333333333 0.03333333333333333 0.021875
1 0.8177083333333334 0.746875 0.017708333333333333 0.011458333333333333
3 0.8375 0.7854166666666667 0.1625 0.065625
3 0.971875 0.7375 0.03854166666666667 0.027083333333333334
3 0.6020833333333333 0.74375 0.03958333333333333 0.029166666666666667