1 0.04479166666666667 0.42916666666666664 0.08333333333333333 0.052083333333333336
1 0.0125 0.425 0.025 0.05416666666666667
0 0.9229166666666667 0.5385416666666667 0.15208333333333332 0.3375
0 0.79375 0.55625 0.13333333333333333 0.209375
0 0.7291666666666666 0.5479166666666667 0.25416666666666665 0.259375
0 0.6166666666666667 0.48125 0.2864583333333333 0.171875
0 0.5552083333333333 0.46145833333333336 0.26875 0.16354166666666667
0 0.4666666666666667 0.453125 0.2635416666666667 0.14583333333333334
0 0.31354166666666666 0.43020833333333336 0.19479166666666667 0.16875
0 0.253125 0.42916666666666664 0.13645833333333332 0.13958333333333334
0 0.590625 0.49375 0.084375 0.146875
0 0.14895833333333333 0.4395833333333333 0.10104166666666667 0.140625
0 0.865625 0.36875 0.265625 0.09583333333333334
0 0.128125 0.43020833333333336 0.09479166666666666 0.11145833333333334