1 0.3385416666666667 0.17395833333333333 0.03958333333333333 0.029166666666666667
1 0.28854166666666664 0.175 0.041666666666666664 0.030208333333333334
1 0.509375 0.16666666666666666 0.06666666666666667 0.03125
1 0.6208333333333333 0.1625 0.058333333333333334 0.030208333333333334
1 0.421875 0.16875 0.053125 0.03229166666666667
1 0.17291666666666666 0.175 0.04479166666666667 0.023958333333333335
1 0.8541666666666666 0.15729166666666666 0.052083333333333336 0.028125
1 0.7208333333333333 0.16145833333333334 0.03854166666666667 0.029166666666666667
1 0.9625 0.14791666666666667 0.05416666666666667 0.040625
1 0.9322916666666666 0.15416666666666667 0.01875 0.026041666666666668
1 0.8135416666666667 0.15416666666666667 0.020833333333333332 0.026041666666666668
0 0.6635416666666667 0.146875 0.09375 0.046875
1 0.128125 0.17604166666666668 0.08020833333333334 0.051041666666666666
1 0.6104166666666667 0.14895833333333333 0.6041666666666666 0.058333333333333334