1 0.528125 0.6760416666666667 0.3489583333333333 0.359375
1 0.2833333333333333 0.60625 0.16145833333333334 0.065625
1 0.859375 0.5833333333333334 0.08229166666666667 0.04791666666666667
1 0.041666666666666664 0.7125 0.08125 0.42291666666666666
1 0.16666666666666666 0.5989583333333334 0.027083333333333334 0.036458333333333336
1 0.20104166666666667 0.59375 0.04791666666666667 0.05625
1 0.7114583333333333 0.5979166666666667 0.084375 0.07604166666666666
1 0.378125 0.5916666666666667 0.034375 0.029166666666666667
1 0.13125 0.6 0.0125 0.028125
1 0.328125 0.5822916666666667 0.07395833333333333 0.036458333333333336
1 0.15104166666666666 0.5947916666666667 0.03229166666666667 0.04375