1 0.7875 0.5416666666666666 0.016666666666666666 0.005208333333333333
1 0.51875 0.7489583333333333 0.05 0.023958333333333335
1 0.06770833333333333 0.7010416666666667 0.034375 0.010416666666666666
3 0.5145833333333333 0.7072916666666667 0.057291666666666664 0.08333333333333333
3 0.478125 0.7041666666666667 0.059375 0.08333333333333333
1 0.26666666666666666 0.815625 0.051041666666666666 0.021875
1 0.058333333333333334 0.71875 0.05520833333333333 0.015625
1 0.75625 0.5270833333333333 0.022916666666666665 0.0125
3 0.8697916666666666 0.8958333333333334 0.13958333333333334 0.075
3 0.04791666666666667 0.7885416666666667 0.057291666666666664 0.040625
3 0.6895833333333333 0.628125 0.026041666666666668 0.021875
3 0.6145833333333334 0.6354166666666666 0.051041666666666666 0.03333333333333333
3 0.328125 0.8677083333333333 0.10520833333333333 0.052083333333333336
1 0.06979166666666667 0.7072916666666667 0.05 0.01875