1 0.95625 0.5822916666666667 0.08645833333333333 0.15520833333333334
1 0.85625 0.5635416666666667 0.134375 0.1375
1 0.7364583333333333 0.5666666666666667 0.109375 0.08854166666666667
1 0.6541666666666667 0.5552083333333333 0.08541666666666667 0.08645833333333333
1 0.5416666666666666 0.5166666666666667 0.06666666666666667 0.046875
1 0.42291666666666666 0.5416666666666666 0.06666666666666667 0.057291666666666664
1 0.37604166666666666 0.5364583333333334 0.053125 0.05
1 0.471875 0.5072916666666667 0.03229166666666667 0.042708333333333334
1 0.340625 0.5229166666666667 0.04895833333333333 0.052083333333333336
1 0.5927083333333333 0.5322916666666667 0.0625 0.053125
1 0.390625 0.4739583333333333 0.0375 0.036458333333333336
1 0.4625 0.496875 0.03854166666666667 0.03333333333333333
1 0.5302083333333333 0.5354166666666667 0.03125 0.03333333333333333
1 0.39791666666666664 0.48125 0.278125 0.08541666666666667