1 0.8739583333333333 0.578125 0.06770833333333333 0.10729166666666666
1 0.7270833333333333 0.6052083333333333 0.05625 0.0625
1 0.6927083333333334 0.6010416666666667 0.028125 0.046875
1 0.7760416666666666 0.5729166666666666 0.028125 0.05520833333333333
1 0.809375 0.5885416666666666 0.023958333333333335 0.06354166666666666
1 0.7927083333333333 0.5885416666666666 0.027083333333333334 0.059375
1 0.5864583333333333 0.6333333333333333 0.12916666666666668 0.13125
1 0.9354166666666667 0.5760416666666667 0.075 0.128125
1 0.6333333333333333 0.6270833333333333 0.04791666666666667 0.1
1 0.63125 0.5989583333333334 0.059375 0.09270833333333334
1 0.828125 0.5895833333333333 0.03229166666666667 0.08020833333333334