1 0.525 0.8 0.115625 0.08854166666666667
1 0.36666666666666664 0.778125 0.08125 0.07083333333333333
1 0.31875 0.7729166666666667 0.053125 0.059375
1 0.08020833333333334 0.7614583333333333 0.09166666666666666 0.040625
1 0.134375 0.7458333333333333 0.020833333333333332 0.023958333333333335
1 0.18020833333333333 0.7572916666666667 0.022916666666666665 0.026041666666666668
1 0.22395833333333334 0.7604166666666666 0.0375 0.0375
1 0.196875 0.7583333333333333 0.011458333333333333 0.034375
1 0.165625 0.7572916666666667 0.019791666666666666 0.022916666666666665
1 0.15208333333333332 0.7520833333333333 0.020833333333333332 0.025
1 0.20729166666666668 0.75625 0.014583333333333334 0.035416666666666666
1 0.042708333333333334 0.75625 0.034375 0.03229166666666667