1 0.165625 0.4822916666666667 0.3302083333333333 0.178125
1 0.42604166666666665 0.50625 0.22708333333333333 0.103125
1 0.9145833333333333 0.45625 0.13645833333333332 0.03229166666666667
1 0.5385416666666667 0.4552083333333333 0.06875 0.03229166666666667
1 0.5239583333333333 0.453125 0.058333333333333334 0.022916666666666665
2 0.5229166666666667 0.5958333333333333 0.30520833333333336 0.2604166666666667
2 0.8395833333333333 0.5854166666666667 0.30625 0.21666666666666667
2 0.15208333333333332 0.60625 0.22083333333333333 0.29270833333333335
2 0.9791666666666666 0.546875 0.0375 0.11458333333333333
1 0.978125 0.48125 0.03958333333333333 0.040625
3 0.7166666666666667 0.49895833333333334 0.40208333333333335 0.14375
3 0.3875 0.4427083333333333 0.10208333333333333 0.027083333333333334
3 0.3333333333333333 0.4427083333333333 0.096875 0.034375
3 0.8864583333333333 0.45625 0.07708333333333334 0.03229166666666667
1 0.8354166666666667 0.4625 0.165625 0.03229166666666667