1 0.140625 0.6520833333333333 0.08645833333333333 0.03958333333333333
1 0.25833333333333336 0.6510416666666666 0.07708333333333334 0.035416666666666666
1 0.5927083333333333 0.665625 0.020833333333333332 0.051041666666666666
1 0.403125 0.66875 0.057291666666666664 0.05625
1 0.6291666666666667 0.6635416666666667 0.053125 0.06145833333333333
1 0.55 0.6489583333333333 0.017708333333333333 0.034375
1 0.4322916666666667 0.6604166666666667 0.03229166666666667 0.04479166666666667
1 0.45625 0.6510416666666666 0.025 0.029166666666666667
1 0.5052083333333334 0.6520833333333333 0.027083333333333334 0.029166666666666667
1 0.5729166666666666 0.6489583333333333 0.041666666666666664 0.04895833333333333
1 0.58125 0.6604166666666667 0.025 0.042708333333333334
1 0.471875 0.6447916666666667 0.011458333333333333 0.011458333333333333
1 0.44583333333333336 0.6552083333333333 0.016666666666666666 0.034375