1 0.31145833333333334 0.8541666666666666 0.036458333333333336 0.036458333333333336
1 0.45208333333333334 0.834375 0.035416666666666666 0.030208333333333334
1 0.4041666666666667 0.8416666666666667 0.0375 0.029166666666666667
1 0.3489583333333333 0.8520833333333333 0.046875 0.03333333333333333
1 0.37083333333333335 0.8375 0.027083333333333334 0.022916666666666665
1 0.2677083333333333 0.8677083333333333 0.051041666666666666 0.04375
1 0.13125 0.8364583333333333 0.040625 0.029166666666666667
1 0.49166666666666664 0.8083333333333333 0.0125 0.014583333333333334
1 0.44895833333333335 0.8197916666666667 0.020833333333333332 0.014583333333333334
1 0.271875 0.821875 0.013541666666666667 0.015625
1 0.25416666666666665 0.8229166666666666 0.015625 0.020833333333333332
1 0.609375 0.846875 0.06354166666666666 0.035416666666666666