1 0.49895833333333334 0.8385416666666666 0.103125 0.10416666666666667
1 0.3958333333333333 0.85 0.09791666666666667 0.10729166666666666
1 0.08333333333333333 0.928125 0.1375 0.14270833333333333
1 0.61875 0.846875 0.08229166666666667 0.05520833333333333
1 0.9875 0.8177083333333334 0.021875 0.08333333333333333
1 0.22708333333333333 0.8375 0.026041666666666668 0.03958333333333333
1 0.29583333333333334 0.8375 0.029166666666666667 0.029166666666666667
1 0.028125 0.9520833333333333 0.05625 0.09166666666666666
1 0.9291666666666667 0.8208333333333333 0.11145833333333334 0.08125
1 0.24895833333333334 0.8354166666666667 0.021875 0.029166666666666667
1 0.13645833333333332 0.8614583333333333 0.041666666666666664 0.053125
1 0.26666666666666666 0.8302083333333333 0.011458333333333333 0.013541666666666667
1 0.56875 0.8447916666666667 0.04583333333333333 0.059375