1 0.41770833333333335 0.7895833333333333 0.053125 0.059375
1 0.3177083333333333 0.7864583333333334 0.07604166666666666 0.08229166666666667
1 0.36875 0.7854166666666667 0.035416666666666666 0.046875
0 0.55625 0.6895833333333333 0.12708333333333333 0.0875
3 0.55625 0.7875 0.165625 0.18958333333333333
3 0.12291666666666666 0.7927083333333333 0.171875 0.14166666666666666
1 0.7125 0.790625 0.06354166666666666 0.04583333333333333
1 0.7635416666666667 0.7885416666666667 0.053125 0.035416666666666666
1 0.44583333333333336 0.7447916666666666 0.017708333333333333 0.03125
1 0.8260416666666667 0.7864583333333334 0.04375 0.035416666666666666
1 0.90625 0.7854166666666667 0.06354166666666666 0.05625
1 0.42916666666666664 0.7416666666666667 0.015625 0.016666666666666666