1 0.08125 0.6416666666666667 0.121875 0.08854166666666667
1 0.5197916666666667 0.5854166666666667 0.030208333333333334 0.025
1 0.023958333333333335 0.6260416666666667 0.04791666666666667 0.057291666666666664
0 0.29270833333333335 0.584375 0.3072916666666667 0.19479166666666667
0 0.4635416666666667 0.5739583333333333 0.041666666666666664 0.03958333333333333
0 0.6708333333333333 0.5770833333333333 0.053125 0.058333333333333334
1 0.9020833333333333 0.5958333333333333 0.07708333333333334 0.035416666666666666
1 0.796875 0.5916666666666667 0.022916666666666665 0.01875
1 0.7145833333333333 0.5833333333333334 0.007291666666666667 0.009375
1 0.7041666666666667 0.584375 0.0125 0.008333333333333333
0 0.61875 0.575 0.034375 0.03229166666666667