1 0.31979166666666664 0.7614583333333333 0.14479166666666668 0.09583333333333334
1 0.42291666666666666 0.7791666666666667 0.06875 0.06458333333333334
1 0.528125 0.7802083333333333 0.06770833333333333 0.06770833333333333
1 0.7416666666666667 0.7729166666666667 0.09375 0.06875
1 0.93125 0.7770833333333333 0.10625 0.053125
1 0.11979166666666667 0.7625 0.125 0.06770833333333333
1 0.4739583333333333 0.7677083333333333 0.022916666666666665 0.036458333333333336
1 0.8625 0.7604166666666666 0.13229166666666667 0.084375
1 0.53125 0.7427083333333333 0.06875 0.020833333333333332
1 0.23958333333333334 0.7604166666666666 0.09791666666666667 0.09375
1 0.43125 0.7479166666666667 0.06875 0.040625
1 0.035416666666666666 0.746875 0.06458333333333334 0.027083333333333334
3 0.23541666666666666 0.7583333333333333 0.09375 0.09375
1 0.32916666666666666 0.7708333333333334 0.004166666666666667 0.019791666666666666
1 0.671875 0.765625 0.05625 0.08958333333333333