1 0.05520833333333333 0.5666666666666667 0.11041666666666666 0.06875
1 0.41875 0.55 0.041666666666666664 0.026041666666666668
1 0.44895833333333335 0.5479166666666667 0.026041666666666668 0.029166666666666667
1 0.5375 0.5510416666666667 0.03333333333333333 0.026041666666666668
1 0.3645833333333333 0.5479166666666667 0.05416666666666667 0.04583333333333333
1 0.49895833333333334 0.5489583333333333 0.021875 0.021875
1 0.6229166666666667 0.55 0.01875 0.019791666666666666
1 0.20104166666666667 0.559375 0.058333333333333334 0.041666666666666664
1 0.30416666666666664 0.5479166666666667 0.00625 0.03333333333333333
1 0.4 0.5489583333333333 0.01875 0.027083333333333334
1 0.5166666666666667 0.5479166666666667 0.01875 0.019791666666666666
3 0.8135416666666667 0.553125 0.14583333333333334 0.078125
3 0.4739583333333333 0.5447916666666667 0.029166666666666667 0.03125
1 0.315625 0.553125 0.578125 0.09375