3 0.30104166666666665 0.740625 0.12604166666666666 0.09583333333333334
3 0.4375 0.7333333333333333 0.11458333333333333 0.08125
1 0.525 0.7395833333333334 0.06875 0.04583333333333333
1 0.37083333333333335 0.7479166666666667 0.12604166666666666 0.08958333333333333
1 0.634375 0.7333333333333333 0.05625 0.03854166666666667
1 0.1125 0.7677083333333333 0.18541666666666667 0.08541666666666667
1 0.8552083333333333 0.71875 0.036458333333333336 0.029166666666666667
3 0.809375 0.7083333333333334 0.0375 0.052083333333333336
1 0.5770833333333333 0.7364583333333333 0.06145833333333333 0.03958333333333333
1 0.6958333333333333 0.7333333333333333 0.04479166666666667 0.029166666666666667
1 0.7729166666666667 0.7229166666666667 0.023958333333333335 0.022916666666666665
1 0.7833333333333333 0.721875 0.01875 0.023958333333333335
1 0.8291666666666667 0.721875 0.030208333333333334 0.029166666666666667