1 0.4354166666666667 0.91875 0.234375 0.13958333333333334
0 0.475 0.6072916666666667 0.24270833333333333 0.3927083333333333
0 0.7385416666666667 0.6239583333333333 0.409375 0.40625
1 0.10104166666666667 0.27395833333333336 0.025 0.046875
0 0.15208333333333332 0.29375 0.08854166666666667 0.15625
0 0.5604166666666667 0.159375 0.16979166666666667 0.06875
0 0.32708333333333334 0.34791666666666665 0.22916666666666666 0.19895833333333332
0 0.0625 0.19479166666666667 0.071875 0.10520833333333333
3 0.04791666666666667 0.3333333333333333 0.07604166666666666 0.14583333333333334
1 0.015625 0.15729166666666666 0.029166666666666667 0.030208333333333334
3 0.7020833333333333 0.16458333333333333 0.06875 0.04791666666666667
3 0.83125 0.090625 0.075 0.034375
1 0.078125 0.24583333333333332 0.05520833333333333 0.071875
1 0.17916666666666667 0.5375 0.109375 0.134375
0 0.20833333333333334 0.16875 0.20208333333333334 0.09791666666666667