2 0.325 0.8385416666666666 0.5375 0.31875
2 0.7614583333333333 0.8197916666666667 0.19166666666666668 0.22083333333333333
2 0.7947916666666667 0.7729166666666667 0.17083333333333334 0.1875
2 0.8020833333333334 0.7479166666666667 0.16041666666666668 0.19166666666666668
2 0.6114583333333333 0.7322916666666667 0.178125 0.165625
1 0.9197916666666667 0.6875 0.07916666666666666 0.0875
1 0.5104166666666666 0.7010416666666667 0.14166666666666666 0.103125
2 0.8416666666666667 0.7395833333333334 0.140625 0.17083333333333334
1 0.6125 0.6791666666666667 0.121875 0.09895833333333333
1 0.6958333333333333 0.675 0.06354166666666666 0.06458333333333334
1 0.853125 0.6552083333333333 0.034375 0.03333333333333333
1 0.8822916666666667 0.6479166666666667 0.03125 0.03333333333333333
1 0.9572916666666667 0.6791666666666667 0.030208333333333334 0.07395833333333333
1 0.9041666666666667 0.6375 0.027083333333333334 0.01875
1 0.815625 0.6572916666666667 0.053125 0.04479166666666667
1 0.9614583333333333 0.6583333333333333 0.03958333333333333 0.071875
2 0.5760416666666667 0.8364583333333333 0.315625 0.2864583333333333