1 0.08541666666666667 0.909375 0.08958333333333333 0.13020833333333334
1 0.8708333333333333 0.8802083333333334 0.06666666666666667 0.07395833333333333
1 0.41875 0.8322916666666667 0.017708333333333333 0.035416666666666666
1 0.44479166666666664 0.8270833333333333 0.015625 0.034375
1 0.4979166666666667 0.8875 0.06770833333333333 0.11354166666666667
1 0.975 0.8729166666666667 0.021875 0.030208333333333334
3 0.196875 0.8822916666666667 0.11666666666666667 0.203125
1 0.484375 0.8291666666666667 0.021875 0.022916666666666665
1 0.2791666666666667 0.8145833333333333 0.017708333333333333 0.021875
3 0.44583333333333336 0.8239583333333333 0.013541666666666667 0.04895833333333333
3 0.86875 0.88125 0.065625 0.07083333333333333
1 0.465625 0.8354166666666667 0.015625 0.028125