1 0.9041666666666667 0.6708333333333333 0.058333333333333334 0.05625
1 0.7822916666666667 0.6447916666666667 0.06145833333333333 0.041666666666666664
1 0.7208333333333333 0.6385416666666667 0.06770833333333333 0.04375
1 0.93125 0.6583333333333333 0.053125 0.04479166666666667
1 0.9729166666666667 0.6635416666666667 0.05 0.06041666666666667
3 0.8333333333333334 0.6541666666666667 0.05416666666666667 0.0625
1 0.5708333333333333 0.6291666666666667 0.040625 0.025
1 0.6677083333333333 0.640625 0.057291666666666664 0.059375
1 0.89375 0.65 0.07083333333333333 0.036458333333333336
1 0.6197916666666666 0.6302083333333334 0.041666666666666664 0.036458333333333336
3 0.5166666666666667 0.6239583333333333 0.06875 0.03333333333333333