1 0.8604166666666667 0.7260416666666667 0.27708333333333335 0.5291666666666667
1 0.803125 0.621875 0.203125 0.3854166666666667
1 0.7020833333333333 0.603125 0.04375 0.10833333333333334
1 0.6166666666666667 0.5947916666666667 0.06666666666666667 0.06145833333333333
1 0.42291666666666666 0.5760416666666667 0.08333333333333333 0.04791666666666667
1 0.0375 0.575 0.07395833333333333 0.04479166666666667
1 0.55 0.5895833333333333 0.07395833333333333 0.05416666666666667
1 0.6041666666666666 0.5739583333333333 0.052083333333333336 0.035416666666666666
1 0.6666666666666666 0.6 0.040625 0.08020833333333334
1 0.06666666666666667 0.5729166666666666 0.057291666666666664 0.04583333333333333
1 0.684375 0.6052083333333333 0.035416666666666666 0.0875