1 0.278125 0.5520833333333334 0.08645833333333333 0.11458333333333333
1 0.371875 0.5239583333333333 0.06770833333333333 0.08333333333333333
1 0.42291666666666666 0.521875 0.042708333333333334 0.06458333333333334
2 0.6635416666666667 0.8854166666666666 0.16458333333333333 0.20625
2 0.13125 0.8375 0.20625 0.2947916666666667
2 0.328125 0.640625 0.035416666666666666 0.10416666666666667
2 0.5520833333333334 0.6385416666666667 0.022916666666666665 0.08333333333333333
2 0.475 0.6354166666666666 0.028125 0.08229166666666667
2 0.51875 0.596875 0.019791666666666666 0.059375
2 0.030208333333333334 0.7572916666666667 0.06041666666666667 0.26458333333333334
2 0.5052083333333334 0.565625 0.0125 0.041666666666666664
2 0.19479166666666667 0.5239583333333333 0.011458333333333333 0.022916666666666665
2 0.446875 0.5479166666666667 0.008333333333333333 0.036458333333333336