1 0.20104166666666667 0.18541666666666667 0.034375 0.027083333333333334
1 0.16145833333333334 0.1875 0.041666666666666664 0.03333333333333333
1 0.026041666666666668 0.203125 0.03854166666666667 0.036458333333333336
1 0.5489583333333333 0.15625 0.058333333333333334 0.051041666666666666
1 0.134375 0.18541666666666667 0.016666666666666666 0.0375
1 0.08125 0.19375 0.016666666666666666 0.028125
1 0.41354166666666664 0.18958333333333333 0.025 0.026041666666666668
1 0.6760416666666667 0.13333333333333333 0.020833333333333332 0.017708333333333333
1 0.3177083333333333 0.17395833333333333 0.03854166666666667 0.026041666666666668
1 0.5166666666666667 0.1625 0.036458333333333336 0.046875
1 0.23854166666666668 0.17604166666666668 0.0125 0.029166666666666667
1 0.10416666666666667 0.19791666666666666 0.046875 0.03125