1 0.48854166666666665 0.5375 0.14166666666666666 0.12916666666666668
1 0.3770833333333333 0.5520833333333334 0.090625 0.06875
1 0.26458333333333334 0.5572916666666666 0.03958333333333333 0.04375
1 0.18229166666666666 0.5479166666666667 0.034375 0.04583333333333333
1 0.7947916666666667 0.5875 0.08125 0.08125
1 0.6364583333333333 0.5854166666666667 0.04583333333333333 0.040625
1 0.8885416666666667 0.6010416666666667 0.0875 0.06875
1 0.16041666666666668 0.553125 0.040625 0.046875
3 0.61875 0.5489583333333333 0.06354166666666666 0.1
3 0.9697916666666667 0.5989583333333334 0.058333333333333334 0.06875
1 0.023958333333333335 0.48854166666666665 0.046875 0.171875
1 0.29375 0.5572916666666666 0.017708333333333333 0.019791666666666666
1 0.846875 0.5927083333333333 0.030208333333333334 0.04895833333333333