1 0.48020833333333335 0.4375 0.22916666666666666 0.12916666666666668
1 0.9645833333333333 0.384375 0.05 0.052083333333333336
1 0.9541666666666667 0.3729166666666667 0.04479166666666667 0.04791666666666667
2 0.3729166666666667 0.5489583333333333 0.284375 0.278125
2 0.084375 0.740625 0.16770833333333332 0.3541666666666667
2 0.6364583333333333 0.45625 0.14583333333333334 0.14270833333333333
2 0.15625 0.42916666666666664 0.121875 0.07604166666666666
2 0.10104166666666667 0.42916666666666664 0.03958333333333333 0.05
2 0.546875 0.38125 0.026041666666666668 0.029166666666666667
2 0.728125 0.37395833333333334 0.015625 0.03229166666666667
2 0.9083333333333333 0.37604166666666666 0.00625 0.016666666666666666
1 0.9052083333333333 0.3625 0.017708333333333333 0.017708333333333333
1 0.8322916666666667 0.3645833333333333 0.026041666666666668 0.023958333333333335
3 0.8333333333333334 0.36354166666666665 0.029166666666666667 0.027083333333333334
3 0.378125 0.346875 0.128125 0.090625
3 0.28125 0.32916666666666666 0.178125 0.13645833333333332
2 0.9322916666666666 0.365625 0.007291666666666667 0.017708333333333333
2 0.07083333333333333 0.39895833333333336 0.059375 0.06354166666666666
1 0.93125 0.359375 0.01875 0.01875