3 0.8614583333333333 0.159375 0.27291666666666664 0.31875
3 0.05520833333333333 0.23645833333333333 0.11041666666666666 0.125
1 0.334375 0.24270833333333333 0.06145833333333333 0.03854166666666667
1 0.6177083333333333 0.22604166666666667 0.0875 0.04583333333333333
1 0.69375 0.221875 0.08958333333333333 0.06666666666666667
1 0.13958333333333334 0.23854166666666668 0.06770833333333333 0.030208333333333334
1 0.19270833333333334 0.23333333333333334 0.08958333333333333 0.03125
1 0.5427083333333333 0.23333333333333334 0.084375 0.036458333333333336
3 0.46875 0.21458333333333332 0.08020833333333334 0.046875
1 0.26458333333333334 0.23854166666666668 0.09479166666666666 0.040625
1 0.39791666666666664 0.23125 0.052083333333333336 0.029166666666666667