1 0.74375 0.85625 0.057291666666666664 0.04895833333333333
1 0.7072916666666667 0.8541666666666666 0.021875 0.040625
1 0.6135416666666667 0.8614583333333333 0.04375 0.053125
1 0.9625 0.8885416666666667 0.07291666666666667 0.11354166666666667
1 0.775 0.8510416666666667 0.026041666666666668 0.034375
1 0.525 0.86875 0.029166666666666667 0.075
1 0.1375 0.878125 0.019791666666666666 0.052083333333333336
1 0.6604166666666667 0.8489583333333334 0.04479166666666667 0.05
3 0.6614583333333334 0.8489583333333334 0.04375 0.05416666666666667
3 0.9427083333333334 0.8010416666666667 0.11041666666666666 0.125
3 0.03854166666666667 0.909375 0.07708333333333334 0.17708333333333334
3 0.10625 0.8604166666666667 0.08125 0.051041666666666666
3 0.9604166666666667 0.890625 0.078125 0.11770833333333333
3 0.6125 0.8604166666666667 0.04479166666666667 0.05
1 0.03333333333333333 0.909375 0.065625 0.17916666666666667
1 0.09479166666666666 0.85625 0.027083333333333334 0.03958333333333333