1 0.09375 0.40729166666666666 0.022916666666666665 0.022916666666666665
0 0.534375 0.44375 0.35208333333333336 0.36041666666666666
0 0.31875 0.40625 0.103125 0.18958333333333333
1 0.11041666666666666 0.37395833333333334 0.026041666666666668 0.015625
0 0.06979166666666667 0.3770833333333333 0.023958333333333335 0.03854166666666667
3 0.09583333333333334 0.39791666666666664 0.019791666666666666 0.040625
3 0.025 0.43645833333333334 0.05 0.08958333333333333
1 0.171875 0.3927083333333333 0.019791666666666666 0.01875
1 0.00625 0.4864583333333333 0.011458333333333333 0.040625
1 0.026041666666666668 0.42916666666666664 0.052083333333333336 0.075
1 0.015625 0.459375 0.03125 0.058333333333333334
1 0.153125 0.38645833333333335 0.0125 0.0125
0 0.13541666666666666 0.365625 0.013541666666666667 0.016666666666666666