1 0.8114583333333333 0.609375 0.115625 0.040625
1 0.74375 0.6 0.06666666666666667 0.026041666666666668
1 0.7052083333333333 0.5979166666666667 0.052083333333333336 0.025
1 0.534375 0.5958333333333333 0.035416666666666666 0.019791666666666666
1 0.9583333333333334 0.628125 0.07916666666666666 0.052083333333333336
1 0.6729166666666667 0.5916666666666667 0.053125 0.025
1 0.5666666666666667 0.5833333333333334 0.028125 0.014583333333333334
1 0.6458333333333334 0.590625 0.022916666666666665 0.016666666666666666
1 0.6333333333333333 0.5875 0.023958333333333335 0.017708333333333333
1 0.6166666666666667 0.584375 0.026041666666666668 0.016666666666666666
1 0.6010416666666667 0.5833333333333334 0.016666666666666666 0.0125