1 0.13958333333333334 0.9041666666666667 0.053125 0.015625
1 0.59375 0.8708333333333333 0.075 0.036458333333333336
0 0.23958333333333334 0.8489583333333334 0.06354166666666666 0.07708333333333334
1 0.359375 0.8677083333333333 0.03229166666666667 0.0375
1 0.41875 0.853125 0.016666666666666666 0.020833333333333332
0 0.6354166666666666 0.8489583333333334 0.04375 0.07083333333333333
1 0.17395833333333333 0.8833333333333333 0.027083333333333334 0.026041666666666668
1 0.18958333333333333 0.878125 0.03125 0.026041666666666668
1 0.14583333333333334 0.8875 0.042708333333333334 0.020833333333333332
1 0.434375 0.8552083333333333 0.015625 0.021875
1 0.534375 0.853125 0.015625 0.019791666666666666
1 0.321875 0.859375 0.021875 0.013541666666666667
1 0.9052083333333333 0.9020833333333333 0.071875 0.06145833333333333
0 0.39375 0.8479166666666667 0.022916666666666665 0.029166666666666667