2 0.240625 0.7145833333333333 0.46145833333333336 0.54375
2 0.6677083333333333 0.8645833333333334 0.49166666666666664 0.26875
2 0.7166666666666667 0.55 0.5625 0.334375
2 0.7604166666666666 0.34270833333333334 0.475 0.13541666666666666
2 0.709375 0.2875 0.39791666666666664 0.11041666666666666
2 0.7333333333333333 0.6145833333333334 0.5291666666666667 0.196875
2 0.6322916666666667 0.203125 0.171875 0.04375
2 0.571875 0.17604166666666668 0.08229166666666667 0.029166666666666667
2 0.2864583333333333 0.2791666666666667 0.3885416666666667 0.11041666666666666
2 0.7614583333333333 0.3927083333333333 0.47291666666666665 0.09791666666666667
2 0.6791666666666667 0.21875 0.28958333333333336 0.06041666666666667
2 0.6885416666666667 0.25 0.3375 0.040625
2 0.196875 0.509375 0.3927083333333333 0.37395833333333334
2 0.2989583333333333 0.334375 0.5927083333333333 0.415625