3 0.7145833333333333 0.5479166666666667 0.059375 0.08645833333333333
3 0.7 0.4166666666666667 0.026041666666666668 0.04479166666666667
1 0.7041666666666667 0.4864583333333333 0.051041666666666666 0.04895833333333333
1 0.5666666666666667 0.47708333333333336 0.040625 0.04479166666666667
1 0.5 0.49166666666666664 0.06770833333333333 0.03854166666666667
1 0.6447916666666667 0.4708333333333333 0.019791666666666666 0.034375
1 0.6614583333333334 0.45625 0.026041666666666668 0.03333333333333333
1 0.6229166666666667 0.4375 0.021875 0.0125
1 0.625 0.478125 0.036458333333333336 0.051041666666666666
1 0.6947916666666667 0.43125 0.020833333333333332 0.03229166666666667
1 0.7479166666666667 0.534375 0.028125 0.06041666666666667
1 0.3489583333333333 0.484375 0.07395833333333333 0.046875
1 0.7697916666666667 0.4083333333333333 0.014583333333333334 0.01875
1 0.984375 0.5052083333333334 0.027083333333333334 0.03958333333333333
1 0.665625 0.4395833333333333 0.178125 0.103125