0 0.5020833333333333 0.5333333333333333 0.24479166666666666 0.32708333333333334
0 0.3458333333333333 0.496875 0.084375 0.18229166666666666
3 0.28958333333333336 0.603125 0.11875 0.16770833333333332
3 0.29791666666666666 0.5354166666666667 0.09270833333333334 0.11979166666666667
1 0.19270833333333334 0.565625 0.07916666666666666 0.11666666666666667
1 0.28854166666666664 0.6083333333333333 0.1125 0.159375
1 0.09791666666666667 0.46041666666666664 0.013541666666666667 0.016666666666666666
3 0.15833333333333333 0.528125 0.058333333333333334 0.11770833333333333
0 0.23333333333333334 0.459375 0.096875 0.10416666666666667
0 0.17395833333333333 0.45625 0.052083333333333336 0.08645833333333333
0 0.13020833333333334 0.465625 0.042708333333333334 0.0875