1 0.24375 0.22395833333333334 0.109375 0.15729166666666666
1 0.5260416666666666 0.33229166666666665 0.23541666666666666 0.15833333333333333
3 0.11145833333333334 0.225 0.22083333333333333 0.3125
3 0.8614583333333333 0.24479166666666666 0.27395833333333336 0.34479166666666666
2 0.12291666666666666 0.6635416666666667 0.15416666666666667 0.39375
2 0.33645833333333336 0.6791666666666667 0.18645833333333334 0.3458333333333333
2 0.521875 0.6520833333333333 0.12916666666666668 0.3729166666666667
2 0.6416666666666667 0.6666666666666666 0.10520833333333333 0.3645833333333333
2 0.7833333333333333 0.6177083333333333 0.16145833333333334 0.43125
3 0.46979166666666666 0.2604166666666667 0.25833333333333336 0.15729166666666666
1 0.6489583333333333 0.36354166666666665 0.13333333333333333 0.19791666666666666
2 0.90625 0.65 0.084375 0.38333333333333336
2 0.965625 0.6447916666666667 0.06354166666666666 0.34479166666666666
2 0.7291666666666666 0.625 0.08020833333333334 0.303125
2 0.5572916666666666 0.5666666666666667 0.04895833333333333 0.18020833333333333