1 0.33229166666666665 0.60625 0.035416666666666666 0.019791666666666666
1 0.38333333333333336 0.6197916666666666 0.053125 0.023958333333333335
1 0.45625 0.621875 0.025 0.025
1 0.6145833333333334 0.6458333333333334 0.03229166666666667 0.010416666666666666
1 0.565625 0.6302083333333334 0.03333333333333333 0.01875
1 0.5447916666666667 0.6302083333333334 0.021875 0.026041666666666668
1 0.43645833333333334 0.61875 0.021875 0.021875
1 0.26979166666666665 0.6010416666666667 0.04791666666666667 0.034375
1 0.47291666666666665 0.6208333333333333 0.021875 0.025
1 0.13854166666666667 0.58125 0.115625 0.05416666666666667
1 0.22291666666666668 0.5979166666666667 0.07083333333333333 0.034375