3 0.27708333333333335 0.25729166666666664 0.234375 0.24270833333333333
1 0.5041666666666667 0.3177083333333333 0.12395833333333334 0.15729166666666666
1 0.4270833333333333 0.21458333333333332 0.042708333333333334 0.052083333333333336
1 0.4864583333333333 0.22083333333333333 0.05625 0.03958333333333333
1 0.5052083333333334 0.19270833333333334 0.040625 0.059375
1 0.471875 0.16145833333333334 0.021875 0.020833333333333332
1 0.08125 0.3614583333333333 0.16145833333333334 0.296875
1 0.4375 0.2 0.03854166666666667 0.04479166666666667
1 0.39895833333333336 0.23854166666666668 0.023958333333333335 0.1125
1 0.4895833333333333 0.23125 0.05625 0.020833333333333332
1 0.4552083333333333 0.18125 0.03333333333333333 0.042708333333333334
1 0.4979166666666667 0.20520833333333333 0.03333333333333333 0.03333333333333333
1 0.496875 0.16354166666666667 0.017708333333333333 0.009375