1 0.12916666666666668 0.5229166666666667 0.19375 0.06666666666666667
1 0.7583333333333333 0.49895833333333334 0.10520833333333333 0.03333333333333333
1 0.825 0.49583333333333335 0.07083333333333333 0.03229166666666667
1 0.017708333333333333 0.528125 0.035416666666666666 0.06458333333333334
1 0.5979166666666667 0.503125 0.08854166666666667 0.03333333333333333
1 0.0125 0.5052083333333334 0.025 0.021875
1 0.196875 0.5010416666666667 0.06041666666666667 0.025
3 0.35104166666666664 0.4947916666666667 0.128125 0.042708333333333334
3 0.6802083333333333 0.49375 0.08541666666666667 0.036458333333333336
1 0.08645833333333333 0.5020833333333333 0.06875 0.023958333333333335
1 0.06041666666666667 0.5041666666666667 0.052083333333333336 0.025