1 0.5072916666666667 0.65 0.046875 0.046875
1 0.3729166666666667 0.6447916666666667 0.04583333333333333 0.06041666666666667
1 0.5770833333333333 0.65 0.035416666666666666 0.025
1 0.4354166666666667 0.646875 0.04791666666666667 0.04791666666666667
1 0.46145833333333336 0.646875 0.020833333333333332 0.03854166666666667
1 0.6552083333333333 0.6510416666666666 0.03333333333333333 0.0375
1 0.41354166666666664 0.65 0.04375 0.03854166666666667
1 0.03854166666666667 0.6614583333333334 0.075 0.084375
1 0.18020833333333333 0.6354166666666666 0.028125 0.041666666666666664
1 0.5385416666666667 0.6520833333333333 0.020833333333333332 0.021875
1 0.6739583333333333 0.6510416666666666 0.010416666666666666 0.026041666666666668
1 0.353125 0.6666666666666666 0.03854166666666667 0.12083333333333333
1 0.8208333333333333 0.6635416666666667 0.016666666666666666 0.030208333333333334