3 0.6114583333333333 0.596875 0.078125 0.10208333333333333
3 0.41458333333333336 0.5895833333333333 0.09583333333333334 0.10625
2 0.53125 0.44895833333333335 0.08229166666666667 0.06979166666666667
2 0.6270833333333333 0.45208333333333334 0.07604166666666666 0.065625
2 0.428125 0.45 0.09375 0.0625
3 0.7104166666666667 0.46145833333333336 0.084375 0.10833333333333334
3 0.5145833333333333 0.5927083333333333 0.0875 0.10625
3 0.6864583333333333 0.6010416666666667 0.078125 0.10833333333333334
3 0.790625 0.46145833333333336 0.08645833333333333 0.11770833333333333
3 0.5635416666666667 0.46770833333333334 0.08541666666666667 0.12604166666666666
3 0.6385416666666667 0.4666666666666667 0.0875 0.125
3 0.5385416666666667 0.6020833333333333 0.6083333333333333 0.21770833333333334
3 0.42291666666666666 0.46145833333333336 0.096875 0.12604166666666666
3 0.49166666666666664 0.4625 0.0875 0.12395833333333334
1 0.784375 0.6020833333333333 0.07708333333333334 0.10625
3 0.328125 0.45416666666666666 0.12708333333333333 0.11875
2 0.465625 0.596875 0.03229166666666667 0.09479166666666666
2 0.7458333333333333 0.6052083333333333 0.028125 0.11666666666666667
3 0.12916666666666668 0.5333333333333333 0.25416666666666665 0.290625