1 0.7177083333333333 0.4114583333333333 0.15833333333333333 0.14270833333333333
1 0.5729166666666666 0.359375 0.025 0.05416666666666667
1 0.10104166666666667 0.5416666666666666 0.20208333333333334 0.403125
1 0.24375 0.4114583333333333 0.18125 0.146875
1 0.32395833333333335 0.3770833333333333 0.08333333333333333 0.10729166666666666
1 0.45 0.35520833333333335 0.051041666666666666 0.05416666666666667
1 0.48854166666666665 0.3416666666666667 0.023958333333333335 0.028125
1 0.8635416666666667 0.49375 0.24791666666666667 0.30104166666666665
1 0.6395833333333333 0.3854166666666667 0.08229166666666667 0.096875
1 0.6145833333333334 0.36041666666666666 0.08333333333333333 0.08541666666666667
1 0.5645833333333333 0.35104166666666664 0.035416666666666666 0.051041666666666666
1 0.546875 0.34791666666666665 0.028125 0.040625
1 0.4270833333333333 0.3302083333333333 0.027083333333333334 0.01875
1 0.5177083333333333 0.334375 0.07708333333333334 0.04791666666666667