1 0.79375 0.6510416666666666 0.03854166666666667 0.046875
1 0.759375 0.678125 0.04375 0.075
0 0.6010416666666667 0.6260416666666667 0.24479166666666666 0.384375
0 0.15520833333333334 0.665625 0.30625 0.43125
3 0.365625 0.675 0.128125 0.303125
1 0.825 0.6447916666666667 0.03229166666666667 0.041666666666666664
1 0.9458333333333333 0.6520833333333333 0.017708333333333333 0.03958333333333333
1 0.9020833333333333 0.6479166666666667 0.034375 0.03854166666666667
3 0.825 0.6427083333333333 0.027083333333333334 0.03229166666666667
3 0.9229166666666667 0.6322916666666667 0.011458333333333333 0.036458333333333336
1 0.9677083333333333 0.6479166666666667 0.009375 0.03125