1 0.5 0.8052083333333333 0.9958333333333333 0.27291666666666664
1 0.259375 0.6427083333333333 0.08125 0.05
1 0.9125 0.7052083333333333 0.17083333333333334 0.11666666666666667
1 0.8395833333333333 0.6875 0.17291666666666666 0.10104166666666667
1 0.7541666666666667 0.6864583333333333 0.065625 0.06875
1 0.4270833333333333 0.6395833333333333 0.15520833333333334 0.042708333333333334
1 0.7364583333333333 0.6760416666666667 0.06354166666666666 0.06458333333333334
1 0.7302083333333333 0.6645833333333333 0.11770833333333333 0.0625
1 0.6197916666666666 0.65 0.11041666666666666 0.034375
1 0.6916666666666667 0.65625 0.05625 0.052083333333333336
1 0.553125 0.63125 0.05 0.028125
1 0.14375 0.6302083333333334 0.03854166666666667 0.023958333333333335
3 0.5 0.8145833333333333 0.9958333333333333 0.2520833333333333