1 0.375 0.7197916666666667 0.6041666666666666 0.303125
1 0.0875 0.6479166666666667 0.175 0.21770833333333334
1 0.1 0.565625 0.2 0.11875
2 0.7364583333333333 0.8833333333333333 0.5229166666666667 0.2125
2 0.88125 0.6635416666666667 0.171875 0.08541666666666667
2 0.9010416666666666 0.6510416666666666 0.11875 0.07708333333333334
2 0.7885416666666667 0.7447916666666666 0.134375 0.10104166666666667
2 0.7645833333333333 0.8208333333333333 0.15833333333333333 0.103125
2 0.6791666666666667 0.865625 0.13645833333333332 0.09583333333333334
2 0.8375 0.675 0.08645833333333333 0.03125
2 0.734375 0.9166666666666666 0.3302083333333333 0.12916666666666668
2 0.6447916666666667 0.9479166666666666 0.19895833333333332 0.052083333333333336
2 0.696875 0.8447916666666667 0.16875 0.053125
2 0.9489583333333333 0.6791666666666667 0.08541666666666667 0.13020833333333334