1 0.44583333333333336 0.540625 0.084375 0.10208333333333333
1 0.3125 0.5572916666666666 0.08125 0.084375
1 0.30625 0.4875 0.05 0.05416666666666667
1 0.48125 0.44166666666666665 0.029166666666666667 0.03854166666666667
1 0.7302083333333333 0.45729166666666665 0.03854166666666667 0.03854166666666667
1 0.8958333333333334 0.5947916666666667 0.20416666666666666 0.11666666666666667
1 0.421875 0.4427083333333333 0.027083333333333334 0.029166666666666667
1 0.6916666666666667 0.44166666666666665 0.020833333333333332 0.025
1 0.709375 0.446875 0.016666666666666666 0.029166666666666667
1 0.7291666666666666 0.4322916666666667 0.025 0.015625
1 0.9572916666666667 0.4947916666666667 0.0625 0.0625
1 0.2989583333333333 0.5229166666666667 0.058333333333333334 0.040625
1 0.31145833333333334 0.46041666666666664 0.042708333333333334 0.028125