1 0.0625 0.4864583333333333 0.125 0.08958333333333333
1 0.13333333333333333 0.478125 0.07916666666666666 0.06770833333333333
1 0.23125 0.4635416666666667 0.0625 0.042708333333333334
1 0.30416666666666664 0.45416666666666666 0.025 0.03229166666666667
1 0.321875 0.44375 0.057291666666666664 0.034375
1 0.6645833333333333 0.46458333333333335 0.12083333333333333 0.05416666666666667
1 0.45208333333333334 0.440625 0.03958333333333333 0.021875
1 0.571875 0.453125 0.040625 0.03229166666666667
1 0.6104166666666667 0.46145833333333336 0.041666666666666664 0.03854166666666667
1 0.17395833333333333 0.46979166666666666 0.09375 0.057291666666666664
1 0.38229166666666664 0.446875 0.04895833333333333 0.027083333333333334
1 0.54375 0.44583333333333336 0.030208333333333334 0.022916666666666665
1 0.309375 0.44895833333333335 0.036458333333333336 0.03229166666666667
1 0.32708333333333334 0.490625 0.6489583333333333 0.171875