1 0.14479166666666668 0.853125 0.28958333333333336 0.28854166666666664
1 0.5479166666666667 0.771875 0.034375 0.058333333333333334
1 0.3885416666666667 0.7666666666666667 0.036458333333333336 0.041666666666666664
1 0.203125 0.7510416666666667 0.025 0.028125
1 0.3302083333333333 0.71875 0.017708333333333333 0.029166666666666667
2 0.4552083333333333 0.7760416666666666 0.0125 0.036458333333333336
0 0.753125 0.721875 0.3770833333333333 0.334375
3 0.27291666666666664 0.75625 0.103125 0.16979166666666667
1 0.20208333333333334 0.7208333333333333 0.027083333333333334 0.029166666666666667
3 0.05416666666666667 0.740625 0.09166666666666666 0.08333333333333333
1 0.11666666666666667 0.7677083333333333 0.04583333333333333 0.071875
1 0.9625 0.8895833333333333 0.071875 0.215625
1 0.5447916666666667 0.7645833333333333 0.041666666666666664 0.06145833333333333
3 0.17291666666666666 0.7697916666666667 0.051041666666666666 0.08020833333333334
1 0.559375 0.7802083333333333 0.015625 0.058333333333333334