1 0.3229166666666667 0.70625 0.078125 0.09375
1 0.40625 0.68125 0.046875 0.06770833333333333
1 0.43645833333333334 0.675 0.027083333333333334 0.03854166666666667
1 0.4625 0.6666666666666666 0.025 0.030208333333333334
1 0.75625 0.7177083333333333 0.08020833333333334 0.1
1 0.3885416666666667 0.6760416666666667 0.027083333333333334 0.035416666666666666
1 0.43333333333333335 0.6875 0.013541666666666667 0.04479166666666667
1 0.378125 0.70625 0.05416666666666667 0.06666666666666667
1 0.3625 0.6677083333333333 0.034375 0.022916666666666665
3 0.4625 0.6666666666666666 0.021875 0.03125
3 0.5677083333333334 0.7166666666666667 0.12708333333333333 0.12708333333333333
3 0.9708333333333333 0.7604166666666666 0.05416666666666667 0.19583333333333333
3 0.21458333333333332 0.7260416666666667 0.12291666666666666 0.13645833333333332
3 0.9447916666666667 0.7510416666666667 0.09375 0.18229166666666666
1 0.60625 0.6989583333333333 0.28020833333333334 0.128125