1 0.11145833333333334 0.36354166666666665 0.221875 0.296875
1 0.9583333333333334 0.234375 0.08229166666666667 0.13229166666666667
1 0.14375 0.24166666666666667 0.16770833333333332 0.115625
1 0.14895833333333333 0.17083333333333334 0.175 0.07083333333333333
1 0.9239583333333333 0.21979166666666666 0.14791666666666667 0.140625
1 0.7697916666666667 0.21770833333333334 0.07708333333333334 0.11354166666666667
1 0.8364583333333333 0.215625 0.084375 0.11041666666666666
1 0.8572916666666667 0.246875 0.0625 0.07604166666666666
1 0.740625 0.203125 0.06145833333333333 0.075
1 0.7395833333333334 0.19270833333333334 0.09166666666666666 0.071875
1 0.42083333333333334 0.25833333333333336 0.06770833333333333 0.1125