2 0.353125 0.4635416666666667 0.10729166666666666 0.16458333333333333
2 0.8697916666666666 0.43020833333333336 0.042708333333333334 0.10104166666666667
2 0.8302083333333333 0.4322916666666667 0.058333333333333334 0.10416666666666667
2 0.790625 0.4322916666666667 0.0375 0.1125
2 0.7510416666666667 0.4354166666666667 0.05520833333333333 0.1125
2 0.41041666666666665 0.459375 0.06458333333333334 0.15208333333333332
2 0.6229166666666667 0.4739583333333333 0.029166666666666667 0.04895833333333333
2 0.5822916666666667 0.453125 0.05 0.10520833333333333
2 0.5375 0.44375 0.041666666666666664 0.125
2 0.07708333333333334 0.49270833333333336 0.15416666666666667 0.21770833333333334
2 0.4375 0.4583333333333333 0.05520833333333333 0.14583333333333334
2 0.28229166666666666 0.47291666666666665 0.040625 0.17395833333333333
2 0.46145833333333336 0.45729166666666665 0.05 0.12604166666666666
2 0.790625 0.425 0.265625 0.11979166666666667