1 0.6072916666666667 0.2833333333333333 0.15208333333333332 0.078125
1 0.73125 0.3125 0.027083333333333334 0.022916666666666665
1 0.5197916666666667 0.275 0.03854166666666667 0.022916666666666665
1 0.49166666666666664 0.2708333333333333 0.015625 0.015625
3 0.8885416666666667 0.334375 0.14375 0.08958333333333333
1 0.434375 0.2635416666666667 0.017708333333333333 0.017708333333333333
1 0.7 0.30833333333333335 0.011458333333333333 0.015625
3 0.6364583333333333 0.2760416666666667 0.09583333333333334 0.057291666666666664
1 0.7916666666666666 0.32395833333333335 0.035416666666666666 0.025
3 0.51875 0.275 0.0375 0.021875
3 0.7895833333333333 0.3229166666666667 0.03229166666666667 0.025