3 0.4791666666666667 0.5291666666666667 0.11875 0.1625
3 0.8802083333333334 0.5125 0.057291666666666664 0.059375
3 0.05625 0.6020833333333333 0.04895833333333333 0.036458333333333336
3 0.9697916666666667 0.5364583333333334 0.058333333333333334 0.10729166666666666
3 0.6729166666666667 0.5489583333333333 0.09375 0.103125
1 0.5364583333333334 0.5635416666666667 0.030208333333333334 0.071875
1 0.10208333333333333 0.603125 0.026041666666666668 0.03229166666666667
1 0.09166666666666666 0.6 0.04583333333333333 0.03958333333333333
1 0.825 0.5177083333333333 0.06041666666666667 0.051041666666666666
3 0.771875 0.5458333333333333 0.11041666666666666 0.109375
1 0.07291666666666667 0.6020833333333333 0.025 0.036458333333333336
3 0.5927083333333333 0.5645833333333333 0.0875 0.10520833333333333