1 0.428125 0.37395833333333334 0.2375 0.23125
2 0.46041666666666664 0.5145833333333333 0.09895833333333333 0.17916666666666667
3 0.8885416666666667 0.30833333333333335 0.17291666666666666 0.10625
1 0.21041666666666667 0.26145833333333335 0.026041666666666668 0.035416666666666666
1 0.009375 0.3489583333333333 0.01875 0.184375
3 0.08125 0.3145833333333333 0.16145833333333334 0.16979166666666667
3 0.5822916666666667 0.29583333333333334 0.19166666666666668 0.14791666666666667
1 0.26875 0.2604166666666667 0.027083333333333334 0.01875
1 0.25 0.26145833333333335 0.017708333333333333 0.016666666666666666
1 0.23645833333333333 0.259375 0.020833333333333332 0.028125
1 0.8416666666666667 0.28125 0.06770833333333333 0.029166666666666667
3 0.8041666666666667 0.253125 0.190625 0.06875