2 0.35520833333333335 0.8385416666666666 0.33958333333333335 0.31875
2 0.603125 0.60625 0.084375 0.196875
2 0.678125 0.4510416666666667 0.040625 0.08020833333333334
2 0.6510416666666666 0.4822916666666667 0.022916666666666665 0.028125
0 0.6645833333333333 0.3229166666666667 0.121875 0.06770833333333333
1 0.7354166666666667 0.665625 0.28958333333333336 0.36875
1 0.24479166666666666 0.6291666666666667 0.39166666666666666 0.3770833333333333
1 0.06770833333333333 0.5833333333333334 0.13541666666666666 0.31354166666666666
2 0.7885416666666667 0.41875 0.026041666666666668 0.036458333333333336
3 0.4322916666666667 0.48125 0.20416666666666666 0.2833333333333333
3 0.2791666666666667 0.375 0.18958333333333333 0.1625
3 0.5677083333333334 0.33229166666666665 0.05416666666666667 0.06041666666666667
3 0.4895833333333333 0.3145833333333333 0.04791666666666667 0.06354166666666666
1 0.559375 0.46770833333333334 0.07604166666666666 0.13645833333333332
1 0.7354166666666667 0.428125 0.06041666666666667 0.053125
1 0.20416666666666666 0.4739583333333333 0.16354166666666667 0.10625
1 0.7552083333333334 0.4635416666666667 0.13333333333333333 0.07604166666666666
1 0.51875 0.36041666666666666 0.016666666666666666 0.021875
1 0.7270833333333333 0.38125 0.041666666666666664 0.021875
1 0.5479166666666667 0.38229166666666664 0.04375 0.04791666666666667
1 0.6489583333333333 0.409375 0.022916666666666665 0.06458333333333334
1 0.65625 0.3875 0.0375 0.035416666666666666
2 0.7020833333333333 0.4395833333333333 0.0125 0.03958333333333333
0 0.5302083333333333 0.328125 0.06979166666666667 0.06770833333333333
2 0.6875 0.38958333333333334 0.023958333333333335 0.057291666666666664
1 0.5479166666666667 0.44895833333333335 0.42291666666666666 0.33958333333333335