1 0.46458333333333335 0.934375 0.928125 0.128125
1 0.33541666666666664 0.84375 0.6708333333333333 0.21354166666666666
1 0.3875 0.7875 0.775 0.25416666666666665
1 0.39166666666666666 0.5697916666666667 0.7822916666666667 0.16875
1 0.42083333333333334 0.5010416666666667 0.8364583333333333 0.225
1 0.421875 0.6645833333333333 0.84375 0.2
1 0.334375 0.12708333333333333 0.6677083333333333 0.17291666666666666
1 0.296875 0.328125 0.59375 0.10729166666666666
1 0.5947916666666667 0.9583333333333334 0.8010416666666667 0.08020833333333334
1 0.36770833333333336 0.2875 0.7354166666666667 0.15520833333333334
1 0.29270833333333335 0.21354166666666666 0.5739583333333333 0.09166666666666666
1 0.24479166666666666 0.17604166666666668 0.4895833333333333 0.109375
1 0.3260416666666667 0.35625 0.6520833333333333 0.08333333333333333
1 0.4375 0.496875 0.875 0.99375