1 0.7822916666666667 0.40729166666666666 0.04479166666666667 0.04895833333333333
1 0.8041666666666667 0.38958333333333334 0.0375 0.04375
1 0.81875 0.7770833333333333 0.11458333333333333 0.17083333333333334
1 0.3625 0.9645833333333333 0.159375 0.065625
1 0.8552083333333333 0.37916666666666665 0.03854166666666667 0.05
1 0.68125 0.9458333333333333 0.17395833333333333 0.10520833333333333
1 0.7260416666666667 0.9145833333333333 0.12708333333333333 0.15833333333333333
1 0.48125 0.903125 0.1625 0.19270833333333334
1 0.6864583333333333 0.8822916666666667 0.10625 0.030208333333333334
0 0.39479166666666665 0.46770833333333334 0.10520833333333333 0.15729166666666666
0 0.10208333333333333 0.7604166666666666 0.20416666666666666 0.4739583333333333
0 0.47708333333333336 0.43020833333333336 0.11666666666666667 0.18541666666666667
0 0.48020833333333335 0.746875 0.309375 0.475
0 0.6114583333333333 0.665625 0.18854166666666666 0.415625
0 0.759375 0.63125 0.17708333333333334 0.36041666666666666
0 0.840625 0.5822916666666667 0.115625 0.29583333333333334
0 0.8895833333333333 0.50625 0.09791666666666667 0.2552083333333333
0 0.7 0.43020833333333336 0.09583333333333334 0.078125
0 0.7010416666666667 0.3625 0.05520833333333333 0.059375
0 0.8395833333333333 0.31666666666666665 0.07916666666666666 0.1125
0 0.55 0.4114583333333333 0.07395833333333333 0.175
0 0.9104166666666667 0.43125 0.09270833333333334 0.13645833333333332