1 0.7895833333333333 0.4 0.08854166666666667 0.08958333333333333
1 0.9052083333333333 0.4 0.08958333333333333 0.09375
1 0.7166666666666667 0.38333333333333336 0.06875 0.052083333333333336
2 0.20416666666666666 0.7333333333333333 0.4083333333333333 0.5104166666666666
2 0.515625 0.7385416666666667 0.34375 0.47604166666666664
2 0.6072916666666667 0.64375 0.38333333333333336 0.35208333333333336
2 0.68125 0.575 0.290625 0.27395833333333336
2 0.7802083333333333 0.5385416666666667 0.178125 0.209375
2 0.84375 0.509375 0.090625 0.16041666666666668
1 0.8541666666666666 0.38229166666666664 0.04895833333333333 0.0625
1 0.9958333333333333 0.353125 0.004166666666666667 0.11875
1 0.6010416666666667 0.3885416666666667 0.009375 0.0375