1 0.675 0.6302083333333334 0.16458333333333333 0.075
1 0.2916666666666667 0.3729166666666667 0.046875 0.029166666666666667
1 0.4510416666666667 0.3927083333333333 0.065625 0.03125
1 0.17708333333333334 0.34791666666666665 0.035416666666666666 0.023958333333333335
1 0.45 0.3489583333333333 0.041666666666666664 0.019791666666666666
1 0.6385416666666667 0.4166666666666667 0.0875 0.03125
0 0.2520833333333333 0.5354166666666667 0.28020833333333334 0.19166666666666668
0 0.809375 0.4083333333333333 0.18541666666666667 0.0875
1 0.484375 0.3875 0.058333333333333334 0.03229166666666667
1 0.21770833333333334 0.3625 0.051041666666666666 0.028125
1 0.06979166666666667 0.37083333333333335 0.04479166666666667 0.021875
3 0.153125 0.4114583333333333 0.04895833333333333 0.06041666666666667
1 0.31666666666666665 0.3697916666666667 0.03854166666666667 0.030208333333333334
1 0.37395833333333334 0.38333333333333336 0.0625 0.03125
1 0.9520833333333333 0.44375 0.022916666666666665 0.052083333333333336
1 0.38229166666666664 0.34375 0.4739583333333333 0.178125