1 0.16145833333333334 0.5052083333333334 0.171875 0.19479166666666667
1 0.034375 0.5020833333333333 0.06875 0.18333333333333332
1 0.30416666666666664 0.5020833333333333 0.075 0.09479166666666666
1 0.4083333333333333 0.5125 0.14479166666666668 0.07916666666666666
1 0.8677083333333333 0.534375 0.09375 0.09479166666666666
1 0.9270833333333334 0.534375 0.03854166666666667 0.05
1 0.98125 0.5260416666666666 0.034375 0.16041666666666668
1 0.08020833333333334 0.48333333333333334 0.05 0.09375
1 0.73125 0.5166666666666667 0.18229166666666666 0.22395833333333334
1 0.26145833333333335 0.509375 0.041666666666666664 0.13020833333333334
1 0.5979166666666667 0.515625 0.090625 0.07604166666666666