1 0.9083333333333333 0.765625 0.16666666666666666 0.18125
1 0.036458333333333336 0.8020833333333334 0.04583333333333333 0.035416666666666666
1 0.21770833333333334 0.7958333333333333 0.029166666666666667 0.027083333333333334
1 0.5375 0.7760416666666666 0.036458333333333336 0.021875
1 0.24895833333333334 0.7927083333333333 0.030208333333333334 0.023958333333333335
1 0.2875 0.7895833333333333 0.04791666666666667 0.027083333333333334
1 0.33229166666666665 0.7916666666666666 0.030208333333333334 0.019791666666666666
1 0.6833333333333333 0.7708333333333334 0.04583333333333333 0.019791666666666666
1 0.016666666666666666 0.803125 0.03333333333333333 0.036458333333333336
1 0.1875 0.8 0.028125 0.023958333333333335
1 0.2677083333333333 0.790625 0.036458333333333336 0.029166666666666667
1 0.3541666666666667 0.7885416666666667 0.0375 0.020833333333333332
1 0.7666666666666667 0.7625 0.03229166666666667 0.019791666666666666
1 0.43854166666666666 0.7864583333333334 0.6458333333333334 0.05625