2 0.6489583333333333 0.81875 0.134375 0.16666666666666666
2 0.753125 0.7510416666666667 0.12083333333333333 0.12916666666666668
2 0.41354166666666664 0.7447916666666666 0.121875 0.13854166666666667
2 0.11770833333333333 0.8229166666666666 0.11458333333333333 0.15520833333333334
2 0.30520833333333336 0.8854166666666666 0.21145833333333333 0.16145833333333334
2 0.8958333333333334 0.6239583333333333 0.12916666666666668 0.14479166666666668
2 0.45208333333333334 0.6625 0.11458333333333333 0.0875
2 0.525 0.48020833333333335 0.10729166666666666 0.09479166666666666
2 0.7385416666666667 0.484375 0.11041666666666666 0.08854166666666667
2 0.21666666666666667 0.571875 0.12395833333333334 0.10416666666666667
2 0.26979166666666665 0.471875 0.10104166666666667 0.10104166666666667
2 0.8416666666666667 0.421875 0.075 0.10104166666666667
2 0.58125 0.34479166666666666 0.5572916666666666 0.24791666666666667