1 0.35208333333333336 0.475 0.03125 0.011458333333333333
1 0.5572916666666666 0.4739583333333333 0.013541666666666667 0.013541666666666667
1 0.509375 0.47291666666666665 0.028125 0.014583333333333334
1 0.753125 0.4739583333333333 0.05 0.04583333333333333
1 0.6479166666666667 0.47291666666666665 0.028125 0.026041666666666668
1 0.6114583333333333 0.46979166666666666 0.052083333333333336 0.034375
1 0.39479166666666665 0.47604166666666664 0.015625 0.010416666666666666
1 0.78125 0.471875 0.0125 0.017708333333333333
1 0.790625 0.47291666666666665 0.013541666666666667 0.016666666666666666
1 0.8052083333333333 0.4739583333333333 0.011458333333333333 0.016666666666666666
1 0.8302083333333333 0.47291666666666665 0.016666666666666666 0.021875
3 0.07083333333333333 0.46145833333333336 0.13854166666666667 0.10104166666666667
3 0.696875 0.46875 0.040625 0.03333333333333333
1 0.8572916666666667 0.475 0.027083333333333334 0.016666666666666666