1 0.3375 0.3072916666666667 0.09895833333333333 0.19166666666666668
2 0.790625 0.3614583333333333 0.08541666666666667 0.23125
2 0.4979166666666667 0.334375 0.309375 0.65625
2 0.15833333333333333 0.49583333333333335 0.31354166666666666 0.9770833333333333
2 0.6666666666666666 0.3489583333333333 0.09479166666666666 0.37916666666666665
2 0.8395833333333333 0.3572916666666667 0.029166666666666667 0.15729166666666666
1 0.27291666666666664 0.31979166666666664 0.028125 0.046875
2 0.8697916666666666 0.3645833333333333 0.057291666666666664 0.12916666666666668
2 0.9010416666666666 0.3770833333333333 0.03333333333333333 0.090625
2 0.7302083333333333 0.35104166666666664 0.11354166666666667 0.290625
2 0.9552083333333333 0.3625 0.041666666666666664 0.10625
2 0.91875 0.36875 0.03854166666666667 0.10208333333333333