3 0.7854166666666667 0.95625 0.11145833333333334 0.08541666666666667
3 0.8885416666666667 0.925 0.10833333333333334 0.08854166666666667
3 0.9229166666666667 0.8333333333333334 0.065625 0.041666666666666664
1 0.31145833333333334 0.9375 0.046875 0.03854166666666667
1 0.5791666666666667 0.9197916666666667 0.07916666666666666 0.05416666666666667
1 0.675 0.8552083333333333 0.04479166666666667 0.028125
1 0.83125 0.94375 0.10625 0.08020833333333334
1 0.17604166666666668 0.971875 0.07291666666666667 0.052083333333333336
1 0.06458333333333334 0.9375 0.03125 0.034375
1 0.019791666666666666 0.9447916666666667 0.03958333333333333 0.0625
1 0.296875 0.9677083333333333 0.07604166666666666 0.06041666666666667
1 0.23958333333333334 0.9770833333333333 0.07083333333333333 0.03958333333333333
1 0.47708333333333336 0.9854166666666667 0.09791666666666667 0.023958333333333335
1 0.209375 0.9177083333333333 0.03854166666666667 0.035416666666666666
1 0.3614583333333333 0.9072916666666667 0.04375 0.030208333333333334
1 0.446875 0.9385416666666667 0.065625 0.0375
1 0.5 0.8947916666666667 0.996875 0.20520833333333333