2 0.578125 0.6270833333333333 0.07604166666666666 0.190625
2 0.17083333333333334 0.6770833333333334 0.2760416666666667 0.29791666666666666
2 0.6458333333333334 0.6041666666666666 0.057291666666666664 0.12395833333333334
2 0.6864583333333333 0.590625 0.036458333333333336 0.0875
2 0.7229166666666667 0.5604166666666667 0.0375 0.08020833333333334
3 0.9604166666666667 0.5375 0.075 0.09166666666666666
3 0.54375 0.5302083333333333 0.16875 0.06354166666666666
1 0.7916666666666666 0.5520833333333334 0.03958333333333333 0.027083333333333334
3 0.9427083333333334 0.525 0.11041666666666666 0.0875
1 0.8760416666666667 0.53125 0.027083333333333334 0.028125
2 0.39791666666666664 0.5385416666666667 0.03229166666666667 0.041666666666666664
2 0.26666666666666666 0.534375 0.03125 0.078125
2 0.334375 0.5375 0.014583333333333334 0.04375
2 0.3645833333333333 0.540625 0.009375 0.04375
2 0.31875 0.5385416666666667 0.014583333333333334 0.046875
1 0.8864583333333333 0.546875 0.05 0.03854166666666667
1 0.23854166666666668 0.54375 0.029166666666666667 0.027083333333333334