0 0.06770833333333333 0.784375 0.08333333333333333 0.12083333333333333
0 0.12916666666666668 0.771875 0.08854166666666667 0.15104166666666666
0 0.46875 0.7760416666666666 0.04895833333333333 0.11979166666666667
0 0.29270833333333335 0.7875 0.059375 0.11354166666666667
0 0.509375 0.6927083333333334 0.040625 0.10625
0 0.4114583333333333 0.7625 0.04895833333333333 0.15833333333333333
0 0.5802083333333333 0.7614583333333333 0.06354166666666666 0.12604166666666666
0 0.690625 0.7479166666666667 0.090625 0.13854166666666667
0 0.65625 0.6708333333333333 0.05416666666666667 0.07708333333333334
0 0.603125 0.6708333333333333 0.06041666666666667 0.109375
0 0.5583333333333333 0.684375 0.05416666666666667 0.11041666666666666
0 0.4635416666666667 0.6854166666666667 0.035416666666666666 0.06458333333333334
0 0.415625 0.6697916666666667 0.03229166666666667 0.05
0 0.5 0.671875 0.996875 0.3729166666666667