3 0.13020833333333334 0.89375 0.2604166666666667 0.20833333333333334
1 0.04791666666666667 0.5760416666666667 0.09583333333333334 0.084375
1 0.052083333333333336 0.546875 0.10416666666666667 0.06875
1 0.046875 0.525 0.09375 0.046875
1 0.9270833333333334 0.47708333333333336 0.06145833333333333 0.036458333333333336
1 0.8697916666666666 0.46770833333333334 0.04583333333333333 0.03125
1 0.9625 0.4791666666666667 0.05625 0.04479166666666667
1 0.8177083333333334 0.45729166666666665 0.05625 0.03125
1 0.04791666666666667 0.5145833333333333 0.09375 0.04583333333333333
1 0.029166666666666667 0.48854166666666665 0.05625 0.03229166666666667
1 0.8802083333333334 0.46770833333333334 0.23541666666666666 0.07291666666666667
1 0.8885416666666667 0.46979166666666666 0.05416666666666667 0.034375
1 0.7604166666666666 0.4510416666666667 0.01875 0.011458333333333333
1 0.96875 0.44895833333333335 0.06145833333333333 0.028125
1 0.00625 0.340625 0.009375 0.022916666666666665