1 0.9208333333333333 0.828125 0.10208333333333333 0.165625
1 0.8677083333333333 0.8239583333333333 0.06354166666666666 0.15104166666666666
1 0.3645833333333333 0.825 0.10416666666666667 0.08854166666666667
1 0.46145833333333336 0.7989583333333333 0.025 0.017708333333333333
1 0.4166666666666667 0.8208333333333333 0.03333333333333333 0.05520833333333333
1 0.753125 0.8322916666666667 0.10625 0.0875
1 0.834375 0.8239583333333333 0.07083333333333333 0.140625
3 0.74375 0.7958333333333333 0.13020833333333334 0.14375
1 0.475 0.7927083333333333 0.020833333333333332 0.016666666666666666
1 0.5395833333333333 0.7979166666666667 0.022916666666666665 0.017708333333333333
1 0.409375 0.79375 0.03229166666666667 0.017708333333333333
1 0.44479166666666664 0.7791666666666667 0.023958333333333335 0.0125
1 0.7895833333333333 0.8333333333333334 0.05520833333333333 0.10729166666666666