1 0.01875 0.5822916666666667 0.036458333333333336 0.096875
1 0.04583333333333333 0.5666666666666667 0.09166666666666666 0.09270833333333334
1 0.15625 0.571875 0.10208333333333333 0.12291666666666666
0 0.340625 0.45625 0.14270833333333333 0.346875
1 0.2552083333333333 0.5114583333333333 0.015625 0.020833333333333332
1 0.41770833333333335 0.559375 0.022916666666666665 0.09583333333333334
1 0.21145833333333333 0.5166666666666667 0.023958333333333335 0.034375
1 0.08854166666666667 0.546875 0.06354166666666666 0.065625
1 0.61875 0.61875 0.3875 0.31979166666666664
1 0.246875 0.50625 0.0125 0.021875
1 0.19270833333333334 0.5208333333333334 0.028125 0.0375
1 0.7541666666666667 0.5072916666666667 0.021875 0.04479166666666667
1 0.134375 0.521875 0.04895833333333333 0.03229166666666667
3 0.6177083333333333 0.6208333333333333 0.38958333333333334 0.31145833333333334