1 0.07604166666666666 0.7833333333333333 0.034375 0.026041666666666668
1 0.12291666666666666 0.7708333333333334 0.03229166666666667 0.025
1 0.115625 0.7958333333333333 0.03958333333333333 0.015625
1 0.18020833333333333 0.7364583333333333 0.029166666666666667 0.025
1 0.09791666666666667 0.765625 0.020833333333333332 0.015625
1 0.3416666666666667 0.7 0.021875 0.022916666666666665
3 0.22395833333333334 0.69375 0.023958333333333335 0.030208333333333334
1 0.053125 0.81875 0.041666666666666664 0.034375
1 0.11770833333333333 0.8177083333333334 0.04479166666666667 0.035416666666666666
1 0.17916666666666667 0.796875 0.042708333333333334 0.030208333333333334
1 0.3614583333333333 0.6729166666666667 0.019791666666666666 0.020833333333333332
1 0.14375 0.8354166666666667 0.041666666666666664 0.030208333333333334
1 0.041666666666666664 0.7541666666666667 0.028125 0.03229166666666667
3 0.053125 0.81875 0.042708333333333334 0.03125
1 0.12083333333333333 0.75625 0.019791666666666666 0.013541666666666667
1 0.22395833333333334 0.7010416666666667 0.37916666666666665 0.10104166666666667