1 0.16770833333333332 0.390625 0.09583333333333334 0.030208333333333334
1 0.5208333333333334 0.4 0.04791666666666667 0.023958333333333335
1 0.27708333333333335 0.4041666666666667 0.05520833333333333 0.025
1 0.37604166666666666 0.39895833333333336 0.05625 0.022916666666666665
1 0.46458333333333335 0.39791666666666664 0.03229166666666667 0.013541666666666667
1 0.48854166666666665 0.40208333333333335 0.017708333333333333 0.020833333333333332
1 0.22291666666666668 0.39791666666666664 0.052083333333333336 0.028125
1 0.2916666666666667 0.39479166666666665 0.06354166666666666 0.01875
1 0.4166666666666667 0.4083333333333333 0.058333333333333334 0.0375
1 0.71875 0.40208333333333335 0.025 0.019791666666666666
1 0.071875 0.37916666666666665 0.025 0.010416666666666666
0 0.15625 0.3958333333333333 0.071875 0.03854166666666667
1 0.3416666666666667 0.3958333333333333 0.035416666666666666 0.022916666666666665