1 0.18229166666666666 0.565625 0.34375 0.3770833333333333
1 0.48854166666666665 0.503125 0.0125 0.026041666666666668
1 0.3614583333333333 0.54375 0.13020833333333334 0.18229166666666666
1 0.44583333333333336 0.5 0.040625 0.041666666666666664
1 0.4739583333333333 0.5010416666666667 0.020833333333333332 0.03125
1 0.5135416666666667 0.4979166666666667 0.016666666666666666 0.015625
1 0.41770833333333335 0.49583333333333335 0.03333333333333333 0.036458333333333336
1 0.49583333333333335 0.49895833333333334 0.019791666666666666 0.030208333333333334
3 0.7291666666666666 0.6479166666666667 0.4510416666666667 0.4552083333333333
1 0.5260416666666666 0.521875 0.052083333333333336 0.041666666666666664
1 0.5104166666666666 0.5020833333333333 0.009375 0.01875