1 0.8666666666666667 0.828125 0.26458333333333334 0.3385416666666667
1 0.8197916666666667 0.7645833333333333 0.28854166666666664 0.2708333333333333
1 0.40729166666666666 0.7020833333333333 0.075 0.10729166666666666
1 0.6604166666666667 0.746875 0.21458333333333332 0.26979166666666665
1 0.5708333333333333 0.7260416666666667 0.15416666666666667 0.22708333333333333
1 0.5375 0.7072916666666667 0.17083333333333334 0.21458333333333332
1 0.38958333333333334 0.6354166666666666 0.052083333333333336 0.03125
1 0.315625 0.69375 0.13229166666666667 0.16666666666666666
1 0.42916666666666664 0.5604166666666667 0.07395833333333333 0.06145833333333333
1 0.5229166666666667 0.55625 0.06666666666666667 0.06770833333333333
1 0.4510416666666667 0.6947916666666667 0.023958333333333335 0.04895833333333333