1 0.5958333333333333 0.23020833333333332 0.3 0.13645833333333332
1 0.21041666666666667 0.23229166666666667 0.2989583333333333 0.13645833333333332
1 0.06145833333333333 0.259375 0.121875 0.13125
1 0.06666666666666667 0.15 0.12916666666666668 0.09270833333333334
1 0.33541666666666664 0.15208333333333332 0.16458333333333333 0.12291666666666666
1 0.44166666666666665 0.228125 0.16041666666666668 0.12291666666666666
1 0.6083333333333333 0.16354166666666667 0.19375 0.06666666666666667
1 0.11875 0.175 0.15104166666666666 0.08958333333333333
1 0.7666666666666667 0.184375 0.14895833333333333 0.078125
1 0.653125 0.253125 0.16666666666666666 0.059375
1 0.8302083333333333 0.29583333333333334 0.146875 0.14583333333333334
1 0.9354166666666667 0.24270833333333333 0.128125 0.053125
1 0.9270833333333334 0.21145833333333333 0.14166666666666666 0.09375
1 0.5604166666666667 0.146875 0.8770833333333333 0.13125