0 0.8239583333333333 0.7739583333333333 0.09791666666666667 0.040625
0 0.68125 0.765625 0.052083333333333336 0.027083333333333334
1 0.7208333333333333 0.7822916666666667 0.051041666666666666 0.026041666666666668
1 0.6458333333333334 0.7854166666666667 0.053125 0.026041666666666668
1 0.6635416666666667 0.78125 0.036458333333333336 0.026041666666666668
3 0.13645833333333332 0.7854166666666667 0.036458333333333336 0.03229166666666667
1 0.528125 0.784375 0.0125 0.023958333333333335
1 0.47604166666666664 0.7864583333333334 0.03854166666666667 0.022916666666666665
1 0.2864583333333333 0.7864583333333334 0.040625 0.020833333333333332
1 0.32708333333333334 0.7875 0.023958333333333335 0.017708333333333333
1 0.042708333333333334 0.7875 0.03333333333333333 0.023958333333333335
1 0.25416666666666665 0.7875 0.051041666666666666 0.028125
1 0.30625 0.7833333333333333 0.025 0.01875
1 0.209375 0.7885416666666667 0.03125 0.020833333333333332
1 0.17916666666666667 0.7885416666666667 0.03333333333333333 0.022916666666666665
3 0.3697916666666667 0.7770833333333333 0.0625 0.046875
1 0.5270833333333333 0.7635416666666667 0.94375 0.13333333333333333