1 0.35520833333333335 0.58125 0.15208333333333332 0.10416666666666667
1 0.5614583333333333 0.6552083333333333 0.18229166666666666 0.23229166666666667
1 0.30520833333333336 0.56875 0.09895833333333333 0.11145833333333334
1 0.7541666666666667 0.715625 0.4895833333333333 0.3145833333333333
1 0.9291666666666667 0.5760416666666667 0.1375 0.10416666666666667
1 0.9572916666666667 0.5385416666666667 0.084375 0.06979166666666667
1 0.9104166666666667 0.5145833333333333 0.078125 0.035416666666666666
1 0.378125 0.61875 0.128125 0.15729166666666666
1 0.9697916666666667 0.9010416666666666 0.058333333333333334 0.19375
1 0.6010416666666667 0.51875 0.08645833333333333 0.05625
1 0.16770833333333332 0.5260416666666666 0.03229166666666667 0.03333333333333333
1 0.40520833333333334 0.659375 0.025 0.07916666666666666