1 0.3541666666666667 0.35208333333333336 0.06145833333333333 0.03854166666666667
1 0.12083333333333333 0.3645833333333333 0.0625 0.06354166666666666
1 0.5333333333333333 0.3489583333333333 0.040625 0.03958333333333333
1 0.10104166666666667 0.34270833333333334 0.06041666666666667 0.03854166666666667
1 0.375 0.340625 0.04791666666666667 0.016666666666666666
1 0.140625 0.3260416666666667 0.0375 0.016666666666666666
1 0.6072916666666667 0.41041666666666665 0.184375 0.10208333333333333
1 0.078125 0.32916666666666666 0.019791666666666666 0.021875
1 0.35833333333333334 0.3333333333333333 0.022916666666666665 0.014583333333333334
1 0.42916666666666664 0.35 0.090625 0.053125
1 0.21770833333333334 0.34791666666666665 0.04895833333333333 0.0375
3 0.041666666666666664 0.325 0.03854166666666667 0.0375
1 0.31145833333333334 0.34270833333333334 0.034375 0.04791666666666667
1 0.27708333333333335 0.32916666666666666 0.540625 0.06145833333333333