1 0.5354166666666667 0.7427083333333333 0.0375 0.042708333333333334
1 0.26458333333333334 0.740625 0.016666666666666666 0.015625
1 0.325 0.7385416666666667 0.013541666666666667 0.007291666666666667
1 0.46145833333333336 0.74375 0.025 0.027083333333333334
3 0.709375 0.6791666666666667 0.21041666666666667 0.321875
1 0.12604166666666666 0.7385416666666667 0.03229166666666667 0.022916666666666665
1 0.28541666666666665 0.7364583333333333 0.023958333333333335 0.019791666666666666
1 0.33645833333333336 0.7375 0.011458333333333333 0.011458333333333333
3 0.30625 0.7291666666666666 0.015625 0.027083333333333334
1 0.16145833333333334 0.740625 0.022916666666666665 0.015625
1 0.36770833333333336 0.7354166666666667 0.0125 0.009375