1 0.896875 0.76875 0.09895833333333333 0.03854166666666667
1 0.5947916666666667 0.7666666666666667 0.04375 0.028125
1 0.64375 0.7645833333333333 0.05416666666666667 0.036458333333333336
1 0.334375 0.765625 0.08541666666666667 0.030208333333333334
1 0.5083333333333333 0.7645833333333333 0.03958333333333333 0.042708333333333334
3 0.209375 0.7572916666666667 0.07291666666666667 0.042708333333333334
1 0.815625 0.7625 0.034375 0.034375
1 0.271875 0.7625 0.042708333333333334 0.027083333333333334
1 0.40520833333333334 0.765625 0.028125 0.025
1 0.11979166666666667 0.7614583333333333 0.053125 0.03333333333333333
1 0.022916666666666665 0.753125 0.04479166666666667 0.016666666666666666