2 0.434375 0.6364583333333333 0.18958333333333333 0.440625
2 0.20104166666666667 0.628125 0.16979166666666667 0.353125
2 0.08333333333333333 0.58125 0.16354166666666667 0.41770833333333335
2 0.9395833333333333 0.675 0.115625 0.51875
2 0.7802083333333333 0.6427083333333333 0.16354166666666667 0.490625
2 0.31354166666666666 0.5979166666666667 0.203125 0.45416666666666666
2 0.5489583333333333 0.5614583333333333 0.11041666666666666 0.29791666666666666
2 0.8927083333333333 0.521875 0.12395833333333334 0.23125
2 0.8322916666666667 0.5083333333333333 0.058333333333333334 0.27291666666666664
2 0.41041666666666665 0.4739583333333333 0.08333333333333333 0.15208333333333332
2 0.22083333333333333 0.40625 0.121875 0.12916666666666668
2 0.2947916666666667 0.484375 0.07604166666666666 0.14895833333333333