1 0.875 0.5375 0.24583333333333332 0.125
1 0.83125 0.47708333333333336 0.04479166666666667 0.01875
1 0.459375 0.48020833333333335 0.015625 0.022916666666666665
1 0.3854166666666667 0.5020833333333333 0.026041666666666668 0.030208333333333334
1 0.60625 0.484375 0.013541666666666667 0.007291666666666667
1 0.4895833333333333 0.4864583333333333 0.016666666666666666 0.013541666666666667
1 0.7208333333333333 0.5 0.052083333333333336 0.05625
1 0.04583333333333333 0.54375 0.09166666666666666 0.140625
1 0.225 0.49895833333333334 0.058333333333333334 0.029166666666666667
1 0.278125 0.49583333333333335 0.030208333333333334 0.026041666666666668
1 0.7791666666666667 0.48541666666666666 0.023958333333333335 0.015625