1 0.48125 0.5802083333333333 0.04479166666666667 0.06666666666666667
1 0.3458333333333333 0.603125 0.065625 0.06145833333333333
1 0.696875 0.571875 0.0375 0.046875
1 0.390625 0.590625 0.046875 0.053125
2 0.11354166666666667 0.6510416666666666 0.052083333333333336 0.065625
2 0.04479166666666667 0.6479166666666667 0.05520833333333333 0.08854166666666667
2 0.5375 0.5802083333333333 0.013541666666666667 0.027083333333333334
2 0.5802083333333333 0.5770833333333333 0.010416666666666666 0.027083333333333334
2 0.56875 0.5666666666666667 0.009375 0.017708333333333333
2 0.9322916666666666 0.6083333333333333 0.06041666666666667 0.109375
2 0.60625 0.5791666666666667 0.010416666666666666 0.029166666666666667
2 0.9645833333333333 0.59375 0.06666666666666667 0.20833333333333334
2 0.2708333333333333 0.6072916666666667 0.020833333333333332 0.04375
1 0.578125 0.55625 0.013541666666666667 0.0125
1 0.671875 0.5395833333333333 0.0125 0.0125
2 0.5927083333333333 0.578125 0.009375 0.029166666666666667
2 0.9010416666666666 0.6010416666666667 0.04583333333333333 0.10625
2 0.6625 0.56875 0.008333333333333333 0.020833333333333332
0 0.640625 0.5375 0.022916666666666665 0.022916666666666665
1 0.6833333333333333 0.534375 0.010416666666666666 0.00625
2 0.6208333333333333 0.5802083333333333 0.014583333333333334 0.035416666666666666
2 0.5833333333333334 0.56875 0.14375 0.041666666666666664