1 0.41458333333333336 0.5510416666666667 0.065625 0.06041666666666667
1 0.46979166666666666 0.565625 0.019791666666666666 0.025
1 0.44479166666666664 0.5260416666666666 0.013541666666666667 0.016666666666666666
1 0.4479166666666667 0.49270833333333336 0.016666666666666666 0.019791666666666666
1 0.478125 0.5416666666666666 0.017708333333333333 0.027083333333333334
1 0.44479166666666664 0.47604166666666664 0.029166666666666667 0.016666666666666666
1 0.47708333333333336 0.4666666666666667 0.017708333333333333 0.028125
1 0.50625 0.46145833333333336 0.013541666666666667 0.01875
1 0.5322916666666667 0.540625 0.015625 0.01875
1 0.48125 0.5302083333333333 0.016666666666666666 0.026041666666666668
1 0.4479166666666667 0.5458333333333333 0.011458333333333333 0.027083333333333334
3 0.027083333333333334 0.284375 0.05416666666666667 0.303125
1 0.5260416666666666 0.53125 0.015625 0.019791666666666666
1 0.4479166666666667 0.5125 0.013541666666666667 0.0125
1 0.490625 0.4322916666666667 0.04583333333333333 0.053125