3 0.3614583333333333 0.7729166666666667 0.24375 0.15520833333333334
1 0.8333333333333334 0.8822916666666667 0.3072916666666667 0.18541666666666667
1 0.5489583333333333 0.7864583333333334 0.14166666666666666 0.075
1 0.48854166666666665 0.9041666666666667 0.4010416666666667 0.16770833333333332
1 0.17083333333333334 0.7958333333333333 0.159375 0.078125
1 0.8822916666666667 0.765625 0.16770833333333332 0.057291666666666664
1 0.68125 0.7791666666666667 0.14791666666666667 0.06979166666666667
1 0.5635416666666667 0.7395833333333334 0.078125 0.025
1 0.03854166666666667 0.80625 0.05625 0.06458333333333334
1 0.9354166666666667 0.7270833333333333 0.06979166666666667 0.029166666666666667
1 0.15104166666666666 0.7354166666666667 0.042708333333333334 0.019791666666666666
1 0.28020833333333334 0.7354166666666667 0.05 0.022916666666666665
1 0.6729166666666667 0.7302083333333333 0.03333333333333333 0.014583333333333334