1 0.5552083333333333 0.29375 0.06666666666666667 0.020833333333333332
1 0.5020833333333333 0.33125 0.153125 0.05416666666666667
1 0.8822916666666667 0.35104166666666664 0.13125 0.08229166666666667
1 0.953125 0.36875 0.08958333333333333 0.09479166666666666
1 0.634375 0.33645833333333336 0.17083333333333334 0.059375
1 0.5604166666666667 0.33645833333333336 0.10104166666666667 0.053125
1 0.8645833333333334 0.27291666666666664 0.08854166666666667 0.041666666666666664
1 0.753125 0.34791666666666665 0.11875 0.06041666666666667
1 0.4427083333333333 0.315625 0.0875 0.05625
1 0.5052083333333334 0.3 0.06354166666666666 0.03229166666666667
1 0.60625 0.2947916666666667 0.05 0.027083333333333334
1 0.9333333333333333 0.3145833333333333 0.0625 0.04375
1 0.6833333333333333 0.296875 0.06666666666666667 0.04583333333333333