1 0.69375 0.8708333333333333 0.19479166666666667 0.23645833333333333
1 0.290625 0.8083333333333333 0.24895833333333334 0.26458333333333334
1 0.8572916666666667 0.775 0.07395833333333333 0.13333333333333333
1 0.8125 0.734375 0.03854166666666667 0.057291666666666664
1 0.9208333333333333 0.7479166666666667 0.029166666666666667 0.04895833333333333
1 0.396875 0.6979166666666666 0.046875 0.029166666666666667
1 0.5989583333333334 0.721875 0.04583333333333333 0.035416666666666666
1 0.07708333333333334 0.721875 0.109375 0.0875
1 0.6416666666666667 0.7177083333333333 0.036458333333333336 0.034375
1 0.896875 0.7645833333333333 0.029166666666666667 0.07395833333333333
1 0.8854166666666666 0.721875 0.020833333333333332 0.013541666666666667
1 0.44583333333333336 0.7145833333333333 0.0375 0.0625
1 0.36041666666666666 0.703125 0.020833333333333332 0.01875