0 0.9135416666666667 0.9427083333333334 0.146875 0.109375
1 0.5239583333333333 0.7875 0.029166666666666667 0.0375
1 0.32708333333333334 0.85 0.0375 0.04583333333333333
1 0.346875 0.8177083333333334 0.028125 0.029166666666666667
1 0.6479166666666667 0.928125 0.051041666666666666 0.06041666666666667
1 0.42604166666666665 0.7 0.022916666666666665 0.027083333333333334
1 0.40729166666666666 0.6635416666666667 0.016666666666666666 0.016666666666666666
1 0.5739583333333333 0.859375 0.03958333333333333 0.05
1 0.35520833333333335 0.7916666666666666 0.03125 0.030208333333333334
1 0.36770833333333336 0.771875 0.028125 0.029166666666666667
1 0.5979166666666667 0.8291666666666667 0.034375 0.041666666666666664
1 0.3125 0.8885416666666667 0.04479166666666667 0.04791666666666667
1 0.565625 0.9291666666666667 0.052083333333333336 0.05625
1 0.6489583333333333 0.8 0.030208333333333334 0.0375
2 0.28854166666666664 0.9583333333333334 0.027083333333333334 0.04479166666666667
1 0.36666666666666664 0.8 0.384375 0.3958333333333333