0 0.6020833333333333 0.32395833333333335 0.44375 0.21354166666666666
1 0.240625 0.678125 0.47708333333333336 0.5427083333333333
1 0.6395833333333333 0.43854166666666666 0.14270833333333333 0.16145833333333334
1 0.9270833333333334 0.4864583333333333 0.11354166666666667 0.24583333333333332
1 0.6208333333333333 0.3927083333333333 0.11145833333333334 0.10104166666666667
1 0.884375 0.46041666666666664 0.08541666666666667 0.21458333333333332
3 0.8895833333333333 0.35625 0.21666666666666667 0.3104166666666667
3 0.9697916666666667 0.4979166666666667 0.058333333333333334 0.3458333333333333
3 0.4041666666666667 0.38958333333333334 0.08958333333333333 0.115625
1 0.15729166666666666 0.40520833333333334 0.3145833333333333 0.2604166666666667
0 0.890625 0.36354166666666665 0.215625 0.30416666666666664
1 0.4 0.39479166666666665 0.057291666666666664 0.05625