1 0.27708333333333335 0.8729166666666667 0.015625 0.022916666666666665
1 0.9625 0.7416666666666667 0.014583333333333334 0.026041666666666668
1 0.265625 0.9395833333333333 0.023958333333333335 0.023958333333333335
1 0.3489583333333333 0.7875 0.015625 0.022916666666666665
3 0.15416666666666667 0.8760416666666667 0.034375 0.058333333333333334
1 0.12291666666666666 0.9625 0.020833333333333332 0.021875
1 0.15729166666666666 0.934375 0.019791666666666666 0.026041666666666668
1 0.2125 0.8864583333333333 0.0125 0.021875
1 0.19791666666666666 0.86875 0.015625 0.021875
1 0.3104166666666667 0.878125 0.013541666666666667 0.022916666666666665
1 0.490625 0.47708333333333336 0.007291666666666667 0.014583333333333334
1 0.0875 0.4583333333333333 0.011458333333333333 0.014583333333333334
1 0.35 0.8364583333333333 0.017708333333333333 0.030208333333333334
0 0.6697916666666667 0.49166666666666664 0.036458333333333336 0.023958333333333335
3 0.5239583333333333 0.46875 0.017708333333333333 0.03229166666666667
1 0.459375 0.434375 0.009375 0.010416666666666666
0 0.7177083333333333 0.9302083333333333 0.020833333333333332 0.046875
3 0.15520833333333334 0.9354166666666667 0.01875 0.025
1 0.3104166666666667 0.34791666666666665 0.6208333333333333 0.25833333333333336