1 0.659375 0.6739583333333333 0.10520833333333333 0.13958333333333334
1 0.5958333333333333 0.5010416666666667 0.03854166666666667 0.046875
1 0.14895833333333333 0.8614583333333333 0.29791666666666666 0.27291666666666664
1 0.5645833333333333 0.49895833333333334 0.028125 0.0375
0 0.41770833333333335 0.534375 0.128125 0.18020833333333333
3 0.14895833333333333 0.6114583333333333 0.16041666666666668 0.21666666666666667
1 0.25833333333333336 0.6197916666666666 0.07395833333333333 0.09895833333333333
2 0.28958333333333336 0.696875 0.03125 0.08645833333333333
3 0.6041666666666666 0.44895833333333335 0.03125 0.058333333333333334
3 0.5677083333333334 0.45416666666666666 0.034375 0.07083333333333333
1 0.540625 0.44583333333333336 0.01875 0.026041666666666668
1 0.51875 0.440625 0.01875 0.021875
2 0.5041666666666667 0.6135416666666667 0.026041666666666668 0.06979166666666667
2 0.5979166666666667 0.6229166666666667 0.078125 0.06770833333333333
2 0.5927083333333333 0.5770833333333333 0.0875 0.06458333333333334