0 0.5479166666666667 0.6041666666666666 0.5114583333333333 0.3458333333333333
3 0.984375 0.6322916666666667 0.028125 0.075
1 0.09375 0.7 0.1875 0.16666666666666666
1 0.25 0.6885416666666667 0.14479166666666668 0.13229166666666667
1 0.9645833333333333 0.6395833333333333 0.026041666666666668 0.03854166666666667
1 0.8708333333333333 0.6510416666666666 0.017708333333333333 0.04583333333333333
3 0.9916666666666667 0.7510416666666667 0.015625 0.165625
1 0.834375 0.665625 0.08541666666666667 0.0875
1 0.9072916666666667 0.6489583333333333 0.03229166666666667 0.042708333333333334
1 0.88125 0.6489583333333333 0.027083333333333334 0.046875
1 0.925 0.646875 0.025 0.041666666666666664
1 0.9385416666666667 0.64375 0.026041666666666668 0.040625
1 0.9572916666666667 0.64375 0.019791666666666666 0.03333333333333333