1 0.22395833333333334 0.6479166666666667 0.06041666666666667 0.05625
1 0.446875 0.6354166666666666 0.022916666666666665 0.015625
1 0.115625 0.653125 0.06875 0.051041666666666666
1 0.340625 0.6427083333333333 0.03125 0.0375
1 0.06666666666666667 0.6572916666666667 0.057291666666666664 0.046875
1 0.9614583333333333 0.6385416666666667 0.075 0.07604166666666666
1 0.16770833333333332 0.646875 0.06041666666666667 0.05520833333333333
1 0.2833333333333333 0.646875 0.059375 0.05625
1 0.3177083333333333 0.646875 0.021875 0.04791666666666667
1 0.008333333333333333 0.6625 0.016666666666666666 0.04583333333333333
1 0.884375 0.6166666666666667 0.042708333333333334 0.0375