1 0.14479166666666668 0.6229166666666667 0.075 0.042708333333333334
1 0.8916666666666667 0.6020833333333333 0.026041666666666668 0.027083333333333334
1 0.715625 0.6083333333333333 0.027083333333333334 0.025
1 0.7416666666666667 0.6 0.01875 0.020833333333333332
2 0.278125 0.6791666666666667 0.06979166666666667 0.12604166666666666
2 0.07395833333333333 0.7125 0.13125 0.13125
1 0.775 0.5989583333333334 0.015625 0.013541666666666667
2 0.225 0.6270833333333333 0.034375 0.0375
3 0.46770833333333334 0.628125 0.12604166666666666 0.06354166666666666
1 0.7885416666666667 0.5979166666666667 0.011458333333333333 0.011458333333333333
1 0.7947916666666667 0.5958333333333333 0.011458333333333333 0.013541666666666667
1 0.8520833333333333 0.5895833333333333 0.008333333333333333 0.010416666666666666