1 0.5364583333333334 0.6989583333333333 0.9229166666666667 0.571875
1 0.64375 0.42083333333333334 0.3145833333333333 0.03958333333333333
1 0.2916666666666667 0.425 0.146875 0.12291666666666666
1 0.3875 0.41458333333333336 0.08020833333333334 0.09166666666666666
1 0.4197916666666667 0.39479166666666665 0.10833333333333334 0.058333333333333334
1 0.69375 0.4041666666666667 0.22395833333333334 0.051041666666666666
1 0.6729166666666667 0.415625 0.26875 0.051041666666666666
1 0.5229166666666667 0.3885416666666667 0.06458333333333334 0.04479166666666667
1 0.48125 0.39479166666666665 0.05520833333333333 0.058333333333333334
1 0.7385416666666667 0.365625 0.03958333333333333 0.010416666666666666
3 0.5375 0.6979166666666666 0.9208333333333333 0.578125
0 0.1125 0.4083333333333333 0.225 0.31354166666666666