2 0.12604166666666666 0.8166666666666667 0.11041666666666666 0.3614583333333333
0 0.9333333333333333 0.5822916666666667 0.12916666666666668 0.3614583333333333
0 0.8645833333333334 0.578125 0.15 0.3375
0 0.7916666666666666 0.534375 0.24895833333333334 0.259375
0 0.7510416666666667 0.5104166666666666 0.24479166666666666 0.22708333333333333
0 0.6416666666666667 0.5125 0.058333333333333334 0.19479166666666667
2 0.35520833333333335 0.76875 0.05520833333333333 0.16145833333333334
2 0.22291666666666668 0.8625 0.128125 0.26979166666666665
0 0.60625 0.521875 0.06354166666666666 0.184375
0 0.5802083333333333 0.515625 0.03854166666666667 0.14583333333333334
0 0.37916666666666665 0.509375 0.04583333333333333 0.07395833333333333
0 0.5697916666666667 0.5135416666666667 0.035416666666666666 0.14583333333333334
0 0.553125 0.503125 0.04479166666666667 0.11458333333333333
2 0.5552083333333333 0.5916666666666667 0.008333333333333333 0.022916666666666665
0 0.525 0.4979166666666667 0.05520833333333333 0.08333333333333333
0 0.4270833333333333 0.5229166666666667 0.0625 0.075
0 0.48020833333333335 0.528125 0.057291666666666664 0.075