1 0.9364583333333333 0.3770833333333333 0.12395833333333334 0.22083333333333333
2 0.49895833333333334 0.7802083333333333 0.9979166666666667 0.41875
2 0.5177083333333333 0.6197916666666666 0.9604166666666667 0.6479166666666667
2 0.5010416666666667 0.4666666666666667 0.43645833333333334 0.15833333333333333
2 0.4947916666666667 0.36041666666666666 0.3416666666666667 0.1875
1 0.4708333333333333 0.30416666666666664 0.051041666666666666 0.042708333333333334
2 0.48541666666666666 0.48541666666666666 0.5520833333333334 0.28541666666666665
2 0.4895833333333333 0.34791666666666665 0.16145833333333334 0.08333333333333333
2 0.46979166666666666 0.31875 0.051041666666666666 0.052083333333333336
2 0.4354166666666667 0.3854166666666667 0.16041666666666668 0.058333333333333334
2 0.46458333333333335 0.33645833333333336 0.06041666666666667 0.028125
2 0.45625 0.32916666666666666 0.011458333333333333 0.013541666666666667