1 0.2604166666666667 0.7041666666666667 0.053125 0.08541666666666667
1 0.19791666666666666 0.6916666666666667 0.03854166666666667 0.05416666666666667
1 0.3145833333333333 0.65625 0.015625 0.01875
1 0.278125 0.665625 0.019791666666666666 0.019791666666666666
0 0.5510416666666667 0.6479166666666667 0.14791666666666667 0.17708333333333334
2 0.38958333333333334 0.725 0.036458333333333336 0.075
2 0.29791666666666666 0.721875 0.040625 0.08645833333333333
2 0.23020833333333332 0.7270833333333333 0.03333333333333333 0.07916666666666666
2 0.12916666666666668 0.7322916666666667 0.0375 0.078125
2 0.052083333333333336 0.7385416666666667 0.040625 0.075
0 0.4635416666666667 0.6447916666666667 0.058333333333333334 0.13229166666666667
0 0.421875 0.646875 0.028125 0.08541666666666667
2 0.15833333333333333 0.725 0.03958333333333333 0.07916666666666666
2 0.021875 0.7208333333333333 0.035416666666666666 0.08020833333333334
1 0.10625 0.7104166666666667 0.0375 0.07395833333333333
1 0.2916666666666667 0.6552083333333333 0.0125 0.015625
2 0.2 0.7010416666666667 0.016666666666666666 0.046875
0 0.4010416666666667 0.6604166666666667 0.028125 0.04895833333333333