1 0.13958333333333334 0.43645833333333334 0.10833333333333334 0.07083333333333333
1 0.24270833333333333 0.44166666666666665 0.09166666666666666 0.05416666666666667
1 0.6145833333333334 0.4270833333333333 0.07291666666666667 0.04479166666666667
1 0.95625 0.428125 0.084375 0.0625
1 0.903125 0.421875 0.052083333333333336 0.04583333333333333
1 0.3020833333333333 0.425 0.0375 0.046875
1 0.725 0.4322916666666667 0.1125 0.06875
1 0.8479166666666667 0.43333333333333335 0.109375 0.0625
1 0.35833333333333334 0.4395833333333333 0.09479166666666666 0.052083333333333336
1 0.5197916666666667 0.4114583333333333 0.065625 0.026041666666666668
1 0.5135416666666667 0.4354166666666667 0.19479166666666667 0.06041666666666667
1 0.771875 0.42291666666666666 0.03958333333333333 0.03854166666666667
1 0.5239583333333333 0.403125 0.9479166666666666 0.121875