1 0.065625 0.6 0.029166666666666667 0.1
1 0.9052083333333333 0.6052083333333333 0.04479166666666667 0.13333333333333333
1 0.7572916666666667 0.6072916666666667 0.023958333333333335 0.103125
1 0.034375 0.5989583333333334 0.025 0.115625
1 0.18541666666666667 0.6166666666666667 0.05416666666666667 0.13229166666666667
1 0.016666666666666666 0.61875 0.03333333333333333 0.13854166666666667
1 0.8416666666666667 0.5416666666666666 0.0125 0.03125
1 0.7979166666666667 0.5510416666666667 0.009375 0.035416666666666666
1 0.7739583333333333 0.5760416666666667 0.01875 0.06666666666666667
2 0.9333333333333333 0.5875 0.020833333333333332 0.11354166666666667
0 0.44583333333333336 0.5958333333333333 0.4479166666666667 0.70625
3 0.7083333333333334 0.5770833333333333 0.08333333333333333 0.28125
3 0.09791666666666667 0.5322916666666667 0.014583333333333334 0.07604166666666666
1 0.15104166666666666 0.5916666666666667 0.026041666666666668 0.0875
1 0.13958333333333334 0.5791666666666667 0.01875 0.06666666666666667
2 0.953125 0.5770833333333333 0.013541666666666667 0.08958333333333333
1 0.7864583333333334 0.5645833333333333 0.014583333333333334 0.059375
1 0.4739583333333333 0.584375 0.8645833333333334 0.7635416666666667