3 0.11458333333333333 0.7864583333333334 0.11041666666666666 0.14375
1 0.46145833333333336 0.8708333333333333 0.20104166666666667 0.14270833333333333
1 0.7239583333333334 0.840625 0.13125 0.09166666666666666
1 0.6239583333333333 0.8302083333333333 0.11458333333333333 0.07916666666666666
1 0.5427083333333333 0.8125 0.096875 0.08229166666666667
1 0.18333333333333332 0.803125 0.03854166666666667 0.06354166666666666
1 0.36875 0.7916666666666666 0.053125 0.06458333333333334
1 0.29791666666666666 0.840625 0.14375 0.10833333333333334
1 0.253125 0.790625 0.05520833333333333 0.030208333333333334
1 0.4583333333333333 0.7791666666666667 0.096875 0.04479166666666667
1 0.32395833333333335 0.778125 0.04583333333333333 0.036458333333333336
1 0.2916666666666667 0.7770833333333333 0.035416666666666666 0.020833333333333332