1 0.51875 0.75 0.041666666666666664 0.046875
1 0.3729166666666667 0.75625 0.04479166666666667 0.03958333333333333
1 0.584375 0.6958333333333333 0.023958333333333335 0.022916666666666665
1 0.78125 0.634375 0.009375 0.009375
1 0.7875 0.6364583333333333 0.010416666666666666 0.009375
1 0.24583333333333332 0.7208333333333333 0.03229166666666667 0.034375
1 0.6333333333333333 0.6677083333333333 0.017708333333333333 0.016666666666666666
1 0.3802083333333333 0.6947916666666667 0.028125 0.026041666666666668
1 0.5541666666666667 0.6708333333333333 0.021875 0.014583333333333334
2 0.20625 0.8041666666666667 0.022916666666666665 0.029166666666666667
1 0.1875 0.7447916666666666 0.034375 0.03125
3 0.5197916666666667 0.7479166666666667 0.041666666666666664 0.051041666666666666
3 0.3645833333333333 0.903125 0.10520833333333333 0.11875
1 0.10208333333333333 0.765625 0.023958333333333335 0.046875
1 0.41875 0.7177083333333333 0.81875 0.21458333333333332