1 0.9677083333333333 0.271875 0.015625 0.017708333333333333
1 0.5177083333333333 0.2791666666666667 0.036458333333333336 0.014583333333333334
1 0.6427083333333333 0.28020833333333334 0.03125 0.009375
1 0.296875 0.284375 0.029166666666666667 0.010416666666666666
1 0.9458333333333333 0.26875 0.015625 0.01875
1 0.4 0.28125 0.040625 0.016666666666666666
1 0.33541666666666664 0.28229166666666666 0.034375 0.014583333333333334
1 0.234375 0.2833333333333333 0.028125 0.011458333333333333
1 0.4822916666666667 0.28125 0.03125 0.011458333333333333
1 0.5510416666666667 0.28125 0.019791666666666666 0.011458333333333333
1 0.9395833333333333 0.28854166666666664 0.03125 0.042708333333333334
1 0.026041666666666668 0.28854166666666664 0.020833333333333332 0.017708333333333333