1 0.603125 0.7270833333333333 0.43645833333333334 0.3854166666666667
1 0.33645833333333336 0.665625 0.190625 0.24270833333333333
1 0.08854166666666667 0.6260416666666667 0.11145833333333334 0.14166666666666666
1 0.05416666666666667 0.8052083333333333 0.10625 0.384375
1 0.5239583333333333 0.521875 0.09895833333333333 0.04375
1 0.40520833333333334 0.53125 0.10625 0.05416666666666667
1 0.22604166666666667 0.5395833333333333 0.09375 0.046875
1 0.05416666666666667 0.6927083333333334 0.10833333333333334 0.234375
1 0.14479166666666668 0.6052083333333333 0.051041666666666666 0.07916666666666666
1 0.6583333333333333 0.509375 0.115625 0.06770833333333333
1 0.24270833333333333 0.6104166666666667 0.029166666666666667 0.11458333333333333
1 0.15104166666666666 0.575 0.078125 0.09583333333333334
1 0.5427083333333333 0.4875 0.06145833333333333 0.034375
1 0.33958333333333335 0.5510416666666667 0.675 0.19895833333333332