1 0.125 0.503125 0.07395833333333333 0.041666666666666664
1 0.075 0.5135416666666667 0.059375 0.026041666666666668
1 0.13125 0.48333333333333334 0.09895833333333333 0.041666666666666664
1 0.18854166666666666 0.4635416666666667 0.05625 0.034375
1 0.25729166666666664 0.45 0.042708333333333334 0.034375
1 0.05625 0.5322916666666667 0.07916666666666666 0.0625
1 0.23020833333333332 0.5395833333333333 0.09895833333333333 0.052083333333333336
1 0.28229166666666666 0.4552083333333333 0.022916666666666665 0.021875
1 0.04375 0.49270833333333336 0.05 0.019791666666666666
1 0.016666666666666666 0.5458333333333333 0.03333333333333333 0.07916666666666666
1 0.9052083333333333 0.334375 0.025 0.021875
1 0.9666666666666667 0.328125 0.03958333333333333 0.022916666666666665