1 0.190625 0.296875 0.040625 0.057291666666666664
2 0.6739583333333333 0.80625 0.49270833333333336 0.36354166666666665
2 0.4197916666666667 0.8125 0.21979166666666666 0.34791666666666665
2 0.40520833333333334 0.75625 0.4895833333333333 0.46458333333333335
2 0.25416666666666665 0.659375 0.27395833333333336 0.5395833333333333
2 0.109375 0.478125 0.08125 0.13541666666666666
2 0.903125 0.440625 0.19270833333333334 0.2677083333333333
2 0.8052083333333333 0.409375 0.18333333333333332 0.23645833333333333
2 0.171875 0.5364583333333334 0.19791666666666666 0.3104166666666667
2 0.146875 0.425 0.14375 0.1625
3 0.20208333333333334 0.253125 0.15416666666666667 0.08333333333333333
2 0.17604166666666668 0.534375 0.178125 0.3614583333333333
2 0.8291666666666667 0.88125 0.3375 0.209375
2 0.4739583333333333 0.36666666666666664 0.04375 0.14583333333333334
2 0.7375 0.6625 0.271875 0.19895833333333332
3 0.190625 0.2875 0.04479166666666667 0.0625
2 0.5145833333333333 0.625 0.9666666666666667 0.7458333333333333