1 0.8375 0.5197916666666667 0.052083333333333336 0.0625
1 0.7197916666666667 0.6458333333333334 0.08229166666666667 0.08854166666666667
1 0.7666666666666667 0.6072916666666667 0.06354166666666666 0.075
1 0.8333333333333334 0.609375 0.08958333333333333 0.11979166666666667
1 0.9416666666666667 0.4427083333333333 0.053125 0.051041666666666666
1 0.9833333333333333 0.35 0.029166666666666667 0.040625
1 0.8625 0.4864583333333333 0.052083333333333336 0.06875
1 0.9 0.4395833333333333 0.042708333333333334 0.05
1 0.9458333333333333 0.38645833333333335 0.057291666666666664 0.04479166666666667
1 0.9645833333333333 0.3645833333333333 0.03125 0.021875
1 0.8041666666666667 0.5510416666666667 0.0625 0.07395833333333333
3 0.828125 0.609375 0.08958333333333333 0.11875