1 0.35104166666666664 0.47708333333333336 0.051041666666666666 0.05
1 0.3645833333333333 0.44375 0.036458333333333336 0.036458333333333336
1 0.5989583333333334 0.4479166666666667 0.04375 0.05625
1 0.5666666666666667 0.446875 0.027083333333333334 0.046875
1 0.4822916666666667 0.41041666666666665 0.029166666666666667 0.030208333333333334
1 0.465625 0.39479166666666665 0.019791666666666666 0.022916666666666665
1 0.4239583333333333 0.39791666666666664 0.01875 0.021875
1 0.384375 0.41770833333333335 0.027083333333333334 0.025
1 0.08020833333333334 0.490625 0.05625 0.057291666666666664
1 0.5145833333333333 0.40208333333333335 0.021875 0.022916666666666665
1 0.35104166666666664 0.45 0.04791666666666667 0.028125
3 0.029166666666666667 0.49270833333333336 0.05625 0.096875
1 0.4979166666666667 0.3958333333333333 0.010416666666666666 0.014583333333333334