1 0.209375 0.7375 0.115625 0.13645833333333332
1 0.07916666666666666 0.5552083333333333 0.15729166666666666 0.7947916666666667
1 0.9635416666666666 0.7729166666666667 0.07083333333333333 0.05625
1 0.5260416666666666 0.765625 0.030208333333333334 0.019791666666666666
1 0.48020833333333335 0.7541666666666667 0.04583333333333333 0.0375
1 0.43020833333333336 0.75625 0.019791666666666666 0.019791666666666666
1 0.38229166666666664 0.7489583333333333 0.06145833333333333 0.04479166666666667
1 0.32395833333333335 0.7541666666666667 0.03958333333333333 0.023958333333333335
1 0.25416666666666665 0.7322916666666667 0.042708333333333334 0.10729166666666666
1 0.884375 0.7572916666666667 0.05416666666666667 0.057291666666666664
3 0.840625 0.7614583333333333 0.11041666666666666 0.08229166666666667
3 0.7552083333333334 0.75625 0.12291666666666666 0.07604166666666666
3 0.5677083333333334 0.759375 0.026041666666666668 0.03333333333333333
3 0.334375 0.7489583333333333 0.023958333333333335 0.03333333333333333
1 0.6020833333333333 0.7583333333333333 0.06979166666666667 0.05
1 0.428125 0.7520833333333333 0.309375 0.053125