1 0.051041666666666666 0.7833333333333333 0.05416666666666667 0.05
1 0.61875 0.7510416666666667 0.0625 0.036458333333333336
1 0.8260416666666667 0.7458333333333333 0.057291666666666664 0.030208333333333334
1 0.10416666666666667 0.7625 0.05 0.025
1 0.20625 0.7635416666666667 0.028125 0.01875
1 0.18645833333333334 0.7635416666666667 0.041666666666666664 0.017708333333333333
1 0.3375 0.75625 0.022916666666666665 0.017708333333333333
3 0.26145833333333335 0.75625 0.03854166666666667 0.06875
3 0.61875 0.7520833333333333 0.06354166666666666 0.03125
3 0.8260416666666667 0.7458333333333333 0.057291666666666664 0.029166666666666667
1 0.3104166666666667 0.7666666666666667 0.041666666666666664 0.041666666666666664
1 0.6552083333333333 0.7552083333333334 0.0125 0.008333333333333333
1 0.33645833333333336 0.76875 0.014583333333333334 0.027083333333333334
3 0.3125 0.765625 0.03958333333333333 0.04375