3 0.30416666666666664 0.259375 0.08958333333333333 0.134375
1 0.15729166666666666 0.3 0.084375 0.09270833333333334
1 0.11979166666666667 0.20416666666666666 0.051041666666666666 0.06979166666666667
1 0.29791666666666666 0.3489583333333333 0.096875 0.159375
1 0.13854166666666667 0.2552083333333333 0.07395833333333333 0.109375
1 0.33958333333333335 0.2833333333333333 0.08541666666666667 0.058333333333333334
1 0.5958333333333333 0.07083333333333333 0.109375 0.06458333333333334
1 0.75 0.06770833333333333 0.12395833333333334 0.05520833333333333
1 0.14583333333333334 0.16666666666666666 0.052083333333333336 0.04895833333333333
1 0.14166666666666666 0.1375 0.06145833333333333 0.057291666666666664
1 0.13125 0.09270833333333334 0.06041666666666667 0.08541666666666667
1 0.13854166666666667 0.023958333333333335 0.042708333333333334 0.0375
0 0.26666666666666666 0.16666666666666666 0.090625 0.10208333333333333
1 0.21666666666666667 0.027083333333333334 0.09583333333333334 0.05416666666666667
1 0.16041666666666668 0.225 0.0625 0.07291666666666667
1 0.29270833333333335 0.209375 0.16041666666666668 0.2