1 0.5364583333333334 0.590625 0.057291666666666664 0.06770833333333333
1 0.5885416666666666 0.584375 0.090625 0.06666666666666667
1 0.659375 0.5760416666666667 0.1 0.06666666666666667
1 0.9395833333333333 0.5854166666666667 0.11979166666666667 0.09166666666666666
1 0.7822916666666667 0.5635416666666667 0.05416666666666667 0.053125
0 0.3020833333333333 0.578125 0.46041666666666664 0.36875
1 0.859375 0.5520833333333334 0.11041666666666666 0.057291666666666664
1 0.8041666666666667 0.53125 0.078125 0.03958333333333333
1 0.728125 0.5677083333333334 0.090625 0.065625
1 0.9770833333333333 0.5260416666666666 0.042708333333333334 0.04375
1 0.5635416666666667 0.5583333333333333 0.04479166666666667 0.029166666666666667