1 0.22916666666666666 0.578125 0.014583333333333334 0.0125
1 0.16666666666666666 0.5833333333333334 0.016666666666666666 0.015625
1 0.21979166666666666 0.5729166666666666 0.014583333333333334 0.014583333333333334
1 0.3333333333333333 0.5260416666666666 0.007291666666666667 0.011458333333333333
1 0.26666666666666666 0.5708333333333333 0.014583333333333334 0.01875
1 0.04479166666666667 0.5979166666666667 0.028125 0.019791666666666666
3 0.07395833333333333 0.584375 0.04479166666666667 0.04479166666666667
1 0.253125 0.53125 0.00625 0.013541666666666667
1 0.365625 0.5270833333333333 0.008333333333333333 0.0125
1 0.3645833333333333 0.55 0.008333333333333333 0.014583333333333334
1 0.33958333333333335 0.553125 0.0125 0.0125
1 0.6645833333333333 0.4114583333333333 0.003125 0.003125
1 0.026041666666666668 0.5604166666666667 0.01875 0.017708333333333333
1 0.234375 0.53125 0.00625 0.010416666666666666
3 0.20208333333333334 0.5322916666666667 0.030208333333333334 0.028125
1 0.50625 0.6020833333333333 0.675 0.115625