1 0.23958333333333334 0.7833333333333333 0.057291666666666664 0.06979166666666667
1 0.228125 0.7791666666666667 0.04479166666666667 0.07083333333333333
0 0.46875 0.7260416666666667 0.036458333333333336 0.07708333333333334
3 0.7927083333333333 0.7614583333333333 0.03958333333333333 0.09895833333333333
3 0.75625 0.7822916666666667 0.03333333333333333 0.052083333333333336
3 0.6239583333333333 0.7541666666666667 0.030208333333333334 0.04479166666666667
3 0.5958333333333333 0.7458333333333333 0.019791666666666666 0.0375
3 0.5385416666666667 0.73125 0.013541666666666667 0.05416666666666667
1 0.36770833333333336 0.7458333333333333 0.019791666666666666 0.030208333333333334
1 0.5708333333333333 0.7520833333333333 0.021875 0.034375
1 0.5541666666666667 0.7458333333333333 0.022916666666666665 0.03229166666666667
1 0.6041666666666666 0.7541666666666667 0.020833333333333332 0.030208333333333334
1 0.7364583333333333 0.7739583333333333 0.03229166666666667 0.04895833333333333
1 0.6458333333333334 0.7604166666666666 0.019791666666666666 0.034375
1 0.65625 0.7604166666666666 0.014583333333333334 0.0375
1 0.515625 0.746875 0.013541666666666667 0.025
1 0.621875 0.7541666666666667 0.03333333333333333 0.042708333333333334
1 0.6979166666666666 0.7614583333333333 0.021875 0.03958333333333333
3 0.8635416666666667 0.75 0.109375 0.13541666666666666
1 0.7520833333333333 0.7802083333333333 0.022916666666666665 0.053125
1 0.5645833333333333 0.7510416666666667 0.675 0.15208333333333332