1 0.10729166666666666 0.37083333333333335 0.19166666666666668 0.07916666666666666
1 0.384375 0.334375 0.09791666666666667 0.05416666666666667
1 0.17708333333333334 0.31979166666666664 0.057291666666666664 0.026041666666666668
1 0.13333333333333333 0.31875 0.04791666666666667 0.027083333333333334
1 0.42291666666666666 0.30520833333333336 0.04375 0.025
1 0.28541666666666665 0.30625 0.052083333333333336 0.025
1 0.8635416666666667 0.275 0.03958333333333333 0.023958333333333335
1 0.03125 0.32708333333333334 0.059375 0.029166666666666667
1 0.75 0.2864583333333333 0.046875 0.027083333333333334
1 0.8489583333333334 0.2833333333333333 0.046875 0.026041666666666668
1 0.9729166666666667 0.275 0.034375 0.026041666666666668
1 0.5427083333333333 0.3333333333333333 0.096875 0.041666666666666664
1 0.20520833333333333 0.31354166666666666 0.07708333333333334 0.030208333333333334
1 0.6770833333333334 0.28229166666666666 0.6416666666666667 0.052083333333333336