1 0.7552083333333334 0.70625 0.21770833333333334 0.19583333333333333
1 0.9197916666666667 0.6375 0.14375 0.1125
1 0.6166666666666667 0.603125 0.03333333333333333 0.04791666666666667
1 0.6510416666666666 0.6114583333333333 0.03958333333333333 0.04791666666666667
2 0.5427083333333333 0.6833333333333333 0.12083333333333333 0.11666666666666667
1 0.8354166666666667 0.6114583333333333 0.058333333333333334 0.06666666666666667
1 0.7885416666666667 0.61875 0.096875 0.06041666666666667
1 0.4583333333333333 0.6 0.025 0.03125
1 0.5885416666666666 0.6010416666666667 0.026041666666666668 0.029166666666666667
0 0.6489583333333333 0.5614583333333333 0.057291666666666664 0.05520833333333333
1 0.42916666666666664 0.6041666666666666 0.026041666666666668 0.026041666666666668