1 0.34270833333333334 0.06041666666666667 0.08333333333333333 0.051041666666666666
1 0.15416666666666667 0.13020833333333334 0.125 0.059375
1 0.33229166666666665 0.17291666666666666 0.11770833333333333 0.0625
2 0.75 0.5020833333333333 0.07708333333333334 0.103125
2 0.42604166666666665 0.41041666666666665 0.09166666666666666 0.090625
2 0.31979166666666664 0.5072916666666667 0.06875 0.09479166666666666
2 0.55625 0.16979166666666667 0.06041666666666667 0.053125
2 0.040625 0.18958333333333333 0.06041666666666667 0.06666666666666667
2 0.31354166666666666 0.20625 0.1125 0.06770833333333333
2 0.49270833333333336 0.125 0.053125 0.046875
2 0.5302083333333333 0.071875 0.03333333333333333 0.035416666666666666
2 0.39791666666666664 0.15 0.06145833333333333 0.052083333333333336
2 0.5072916666666667 0.05 0.03229166666666667 0.034375
2 0.5114583333333333 0.026041666666666668 0.029166666666666667 0.013541666666666667
1 0.35 0.014583333333333334 0.0625 0.027083333333333334
1 0.3375 0.10729166666666666 0.08958333333333333 0.053125
1 0.15729166666666666 0.09166666666666666 0.10208333333333333 0.04895833333333333
1 0.18854166666666666 0.057291666666666664 0.08229166666666667 0.03958333333333333
1 0.2 0.026041666666666668 0.071875 0.0375
1 0.24270833333333333 0.011458333333333333 0.06041666666666667 0.022916666666666665
2 0.39166666666666666 0.0875 0.04375 0.03854166666666667
1 0.2833333333333333 0.9833333333333333 0.2791666666666667 0.029166666666666667
1 0.7177083333333333 0.042708333333333334 0.10833333333333334 0.05625
2 0.44583333333333336 0.036458333333333336 0.03125 0.030208333333333334