1 0.5364583333333334 0.3229166666666667 0.035416666666666666 0.01875
1 0.39791666666666664 0.325 0.022916666666666665 0.013541666666666667
3 0.1875 0.615625 0.165625 0.14791666666666667
1 0.49270833333333336 0.33125 0.06041666666666667 0.025
1 0.5104166666666666 0.3104166666666667 0.041666666666666664 0.022916666666666665
1 0.5770833333333333 0.309375 0.035416666666666666 0.03229166666666667
1 0.5447916666666667 0.3072916666666667 0.0375 0.03125
1 0.9666666666666667 0.2635416666666667 0.0625 0.026041666666666668
1 0.15729166666666666 0.3729166666666667 0.026041666666666668 0.01875
1 0.12291666666666666 0.378125 0.020833333333333332 0.021875
1 0.090625 0.38229166666666664 0.017708333333333333 0.021875
1 0.021875 0.3927083333333333 0.04375 0.014583333333333334
1 0.33125 0.3541666666666667 0.036458333333333336 0.010416666666666666
1 0.30520833333333336 0.3416666666666667 0.026041666666666668 0.019791666666666666
1 0.48020833333333335 0.3260416666666667 0.9541666666666667 0.14479166666666668