3 0.7145833333333333 0.6802083333333333 0.5666666666666667 0.5979166666666667
1 0.8333333333333334 0.34791666666666665 0.06875 0.034375
1 0.46875 0.4739583333333333 0.19375 0.2125
1 0.7645833333333333 0.40208333333333335 0.16666666666666666 0.10208333333333333
1 0.8072916666666666 0.3614583333333333 0.103125 0.058333333333333334
1 0.9239583333333333 0.4166666666666667 0.14791666666666667 0.19166666666666668
1 0.5364583333333334 0.35208333333333336 0.15 0.06666666666666667
1 0.39375 0.4270833333333333 0.12916666666666668 0.13229166666666667
1 0.75625 0.35833333333333334 0.29270833333333335 0.051041666666666666
1 0.73125 0.3385416666666667 0.07291666666666667 0.036458333333333336
1 0.4083333333333333 0.35625 0.04791666666666667 0.016666666666666666
1 0.4510416666666667 0.36354166666666665 0.040625 0.03125
1 0.9145833333333333 0.33958333333333335 0.030208333333333334 0.022916666666666665
1 0.334375 0.39375 0.05520833333333333 0.04791666666666667
3 0.83125 0.34479166666666666 0.06979166666666667 0.03333333333333333