1 0.7770833333333333 0.5 0.04791666666666667 0.015625
1 0.9302083333333333 0.49375 0.059375 0.015625
1 0.5958333333333333 0.50625 0.04479166666666667 0.017708333333333333
1 0.25729166666666664 0.5114583333333333 0.028125 0.008333333333333333
1 0.5583333333333333 0.5083333333333333 0.021875 0.008333333333333333
1 0.4875 0.50625 0.027083333333333334 0.015625
1 0.40625 0.5083333333333333 0.04375 0.0125
1 0.7979166666666667 0.5 0.025 0.0125
1 0.7520833333333333 0.5 0.03229166666666667 0.016666666666666666
1 0.43854166666666666 0.5104166666666666 0.021875 0.0125
1 0.5260416666666666 0.5052083333333334 0.025 0.007291666666666667