2 0.9052083333333333 0.8322916666666667 0.18541666666666667 0.265625
3 0.47604166666666664 0.6541666666666667 0.2875 0.3145833333333333
3 0.190625 0.7604166666666666 0.178125 0.15833333333333333
1 0.07291666666666667 0.7552083333333334 0.14583333333333334 0.23958333333333334
1 0.8104166666666667 0.71875 0.11979166666666667 0.12083333333333333
1 0.6354166666666666 0.5729166666666666 0.05625 0.08645833333333333
1 0.74375 0.34479166666666666 0.06458333333333334 0.065625
1 0.7822916666666667 0.28229166666666666 0.03854166666666667 0.04895833333333333
1 0.8322916666666667 0.18020833333333333 0.026041666666666668 0.03333333333333333
1 0.8416666666666667 0.16979166666666667 0.023958333333333335 0.034375
1 0.6739583333333333 0.7041666666666667 0.11666666666666667 0.121875
1 0.94375 0.6302083333333334 0.11145833333333334 0.07291666666666667
1 0.9489583333333333 0.5833333333333334 0.09791666666666667 0.058333333333333334
3 0.9447916666666667 0.3 0.0375 0.028125
1 0.9416666666666667 0.5416666666666666 0.1125 0.07083333333333333
2 0.9177083333333333 0.8364583333333333 0.16041666666666668 0.20520833333333333
1 0.28958333333333336 0.74375 0.11666666666666667 0.13333333333333333
1 0.553125 0.4395833333333333 0.890625 0.6979166666666666