1 0.10520833333333333 0.671875 0.1375 0.07395833333333333
1 0.036458333333333336 0.6864583333333333 0.071875 0.075
0 0.6145833333333334 0.5927083333333333 0.029166666666666667 0.10729166666666666
1 0.37083333333333335 0.6177083333333333 0.06666666666666667 0.07083333333333333
1 0.8135416666666667 0.5864583333333333 0.040625 0.041666666666666664
1 0.8729166666666667 0.5739583333333333 0.015625 0.042708333333333334
1 0.778125 0.5729166666666666 0.0125 0.0125
1 0.022916666666666665 0.6416666666666667 0.04583333333333333 0.04583333333333333
1 0.16979166666666667 0.6375 0.016666666666666666 0.04583333333333333
0 0.7166666666666667 0.584375 0.11145833333333334 0.11041666666666666
1 0.090625 0.6302083333333334 0.051041666666666666 0.029166666666666667
1 0.475 0.6145833333333334 0.04375 0.04479166666666667
1 0.9864583333333333 0.5645833333333333 0.022916666666666665 0.03958333333333333