2 0.11458333333333333 0.6354166666666666 0.22708333333333333 0.421875
2 0.675 0.5510416666666667 0.20833333333333334 0.2604166666666667
2 0.9 0.5197916666666667 0.16666666666666666 0.21041666666666667
2 0.925 0.46041666666666664 0.14583333333333334 0.08333333333333333
2 0.3416666666666667 0.5989583333333334 0.26875 0.3927083333333333
2 0.46770833333333334 0.40625 0.06770833333333333 0.08854166666666667
2 0.4791666666666667 0.5822916666666667 0.19166666666666668 0.32395833333333335
2 0.6791666666666667 0.375 0.07916666666666666 0.09583333333333334
2 0.5552083333333333 0.5739583333333333 0.24479166666666666 0.259375
2 0.8104166666666667 0.5177083333333333 0.18333333333333332 0.2989583333333333
2 0.06354166666666666 0.425 0.04791666666666667 0.11458333333333333
2 0.13645833333333332 0.39479166666666665 0.05520833333333333 0.08125
2 0.35833333333333334 0.4083333333333333 0.05 0.109375
2 0.5072916666666667 0.40625 0.9833333333333333 0.678125