1 0.15208333333333332 0.5927083333333333 0.065625 0.06979166666666667
1 0.06770833333333333 0.590625 0.040625 0.0375
1 0.030208333333333334 0.584375 0.029166666666666667 0.029166666666666667
1 0.925 0.49895833333333334 0.10625 0.06145833333333333
2 0.240625 0.6375 0.23333333333333334 0.371875
2 0.37083333333333335 0.6083333333333333 0.042708333333333334 0.11145833333333334
2 0.7291666666666666 0.5989583333333334 0.271875 0.20625
2 0.421875 0.640625 0.084375 0.140625
1 0.7791666666666667 0.5020833333333333 0.029166666666666667 0.028125
1 0.396875 0.5458333333333333 0.01875 0.016666666666666666
1 0.05520833333333333 0.5822916666666667 0.020833333333333332 0.028125
2 0.32083333333333336 0.5989583333333334 0.042708333333333334 0.10729166666666666