2 0.22395833333333334 0.5333333333333333 0.41041666666666665 0.6677083333333333
2 0.5083333333333333 0.45208333333333334 0.19479166666666667 0.5041666666666667
2 0.5916666666666667 0.4322916666666667 0.16979166666666667 0.47291666666666665
2 0.6552083333333333 0.45416666666666666 0.096875 0.359375
2 0.684375 0.40625 0.11875 0.4010416666666667
2 0.7322916666666667 0.3645833333333333 0.14166666666666666 0.4083333333333333
2 0.7635416666666667 0.3458333333333333 0.10416666666666667 0.3302083333333333
2 0.7989583333333333 0.375 0.08125 0.23645833333333333
2 0.4354166666666667 0.46770833333333334 0.184375 0.5302083333333333
2 0.3854166666666667 0.5447916666666667 0.165625 0.5520833333333334
2 0.4270833333333333 0.5333333333333333 0.15104166666666666 0.521875
2 0.834375 0.37083333333333335 0.08541666666666667 0.23229166666666667
2 0.8666666666666667 0.346875 0.090625 0.23541666666666666