1 0.5697916666666667 0.4239583333333333 0.11458333333333333 0.06770833333333333
1 0.51875 0.38229166666666664 0.05 0.03854166666666667
1 0.7 0.37083333333333335 0.04791666666666667 0.035416666666666666
1 0.6770833333333334 0.40520833333333334 0.06666666666666667 0.04791666666666667
2 0.7614583333333333 0.878125 0.16458333333333333 0.234375
2 0.45625 0.8489583333333334 0.109375 0.26666666666666666
1 0.49375 0.3697916666666667 0.017708333333333333 0.020833333333333332
1 0.21458333333333332 0.4083333333333333 0.03229166666666667 0.030208333333333334
3 0.6989583333333333 0.36875 0.05416666666666667 0.03958333333333333
1 0.39895833333333336 0.4125 0.022916666666666665 0.027083333333333334
2 0.703125 0.6979166666666666 0.04375 0.16875