0 0.6458333333333334 0.6020833333333333 0.14375 0.153125
0 0.25833333333333336 0.628125 0.515625 0.23229166666666667
1 0.5270833333333333 0.6416666666666667 0.07291666666666667 0.06979166666666667
1 0.9104166666666667 0.7760416666666666 0.17708333333333334 0.42291666666666666
1 0.051041666666666666 0.7302083333333333 0.10208333333333333 0.17708333333333334
1 0.7520833333333333 0.5520833333333334 0.028125 0.029166666666666667
1 0.7697916666666667 0.534375 0.027083333333333334 0.03229166666666667
1 0.5479166666666667 0.6197916666666666 0.06145833333333333 0.08333333333333333
1 0.73125 0.5645833333333333 0.03958333333333333 0.03229166666666667
1 0.7864583333333334 0.5291666666666667 0.021875 0.03333333333333333
1 0.8708333333333333 0.5239583333333333 0.021875 0.017708333333333333
1 0.909375 0.525 0.008333333333333333 0.028125