0 0.56875 0.5739583333333333 0.32395833333333335 0.24791666666666667
1 0.35625 0.8072916666666666 0.30104166666666665 0.20208333333333334
1 0.64375 0.6989583333333333 0.19166666666666668 0.15208333333333332
1 0.07604166666666666 0.9270833333333334 0.15208333333333332 0.14166666666666666
1 0.030208333333333334 0.7208333333333333 0.06041666666666667 0.11979166666666667
1 0.915625 0.56875 0.13229166666666667 0.125
1 0.8010416666666667 0.61875 0.15625 0.14270833333333333
1 0.846875 0.5322916666666667 0.051041666666666666 0.06354166666666666
1 0.9479166666666666 0.41458333333333336 0.052083333333333336 0.04375
1 0.271875 0.6958333333333333 0.2635416666666667 0.153125
1 0.971875 0.5291666666666667 0.025 0.07083333333333333
1 0.8520833333333333 0.48541666666666666 0.0625 0.03958333333333333
1 0.8979166666666667 0.396875 0.034375 0.042708333333333334