1 0.8833333333333333 0.058333333333333334 0.06979166666666667 0.034375
1 0.8291666666666667 0.04583333333333333 0.065625 0.034375
1 0.7604166666666666 0.052083333333333336 0.06875 0.04583333333333333
1 0.6416666666666667 0.05 0.06354166666666666 0.041666666666666664
1 0.5 0.04791666666666667 0.053125 0.026041666666666668
1 0.209375 0.03958333333333333 0.0375 0.03333333333333333
1 0.9197916666666667 0.058333333333333334 0.03125 0.03854166666666667
1 0.3729166666666667 0.051041666666666666 0.03229166666666667 0.028125
1 0.9635416666666666 0.059375 0.0625 0.035416666666666666
1 0.5510416666666667 0.046875 0.04895833333333333 0.029166666666666667
1 0.10729166666666666 0.040625 0.046875 0.027083333333333334
1 0.31875 0.051041666666666666 0.027083333333333334 0.03854166666666667
1 0.16145833333333334 0.040625 0.058333333333333334 0.041666666666666664
1 0.375 0.035416666666666666 0.675 0.05625