1 0.21770833333333334 0.8583333333333333 0.05416666666666667 0.030208333333333334
1 0.5458333333333333 0.84375 0.05625 0.027083333333333334
1 0.459375 0.865625 0.11666666666666667 0.057291666666666664
1 0.425 0.8447916666666667 0.035416666666666666 0.019791666666666666
1 0.5229166666666667 0.8604166666666667 0.06041666666666667 0.051041666666666666
1 0.13229166666666667 0.8697916666666666 0.134375 0.08020833333333334
1 0.6072916666666667 0.8458333333333333 0.0375 0.03229166666666667
1 0.5427083333333333 0.8625 0.06145833333333333 0.051041666666666666
1 0.5145833333333333 0.9354166666666667 0.25104166666666666 0.1125
1 0.8520833333333333 0.8208333333333333 0.029166666666666667 0.046875
1 0.5791666666666667 0.8489583333333334 0.052083333333333336 0.03958333333333333
0 0.9760416666666667 0.8041666666666667 0.04375 0.13020833333333334
1 0.47708333333333336 0.8260416666666667 0.029166666666666667 0.019791666666666666