1 0.08333333333333333 0.43645833333333334 0.030208333333333334 0.017708333333333333
1 0.05520833333333333 0.4395833333333333 0.026041666666666668 0.011458333333333333
1 0.10729166666666666 0.4427083333333333 0.034375 0.013541666666666667
1 0.8677083333333333 0.49166666666666664 0.020833333333333332 0.013541666666666667
1 0.91875 0.49166666666666664 0.016666666666666666 0.009375
3 0.20416666666666666 0.44479166666666664 0.046875 0.025
1 0.9645833333333333 0.4979166666666667 0.017708333333333333 0.009375
1 0.9385416666666667 0.4947916666666667 0.021875 0.0125
1 0.8572916666666667 0.49166666666666664 0.009375 0.007291666666666667
1 0.036458333333333336 0.43854166666666666 0.015625 0.010416666666666666
1 0.8510416666666667 0.48854166666666665 0.008333333333333333 0.00625