1 0.7145833333333333 0.78125 0.14583333333333334 0.09583333333333334
1 0.29791666666666666 0.7885416666666667 0.065625 0.065625
1 0.671875 0.7322916666666667 0.14895833333333333 0.07291666666666667
1 0.596875 0.6822916666666666 0.071875 0.065625
1 0.5833333333333334 0.6166666666666667 0.12395833333333334 0.08333333333333333
1 0.571875 0.575 0.10520833333333333 0.053125
1 0.29270833333333335 0.7427083333333333 0.06354166666666666 0.06041666666666667
1 0.5354166666666667 0.51875 0.09895833333333333 0.07604166666666666
1 0.48333333333333334 0.4739583333333333 0.08333333333333333 0.04375
1 0.28020833333333334 0.7125 0.058333333333333334 0.03958333333333333
1 0.27291666666666664 0.6760416666666667 0.059375 0.07604166666666666
1 0.6364583333333333 0.7697916666666667 0.03333333333333333 0.05520833333333333
1 0.6197916666666666 0.6354166666666666 0.14583333333333334 0.07708333333333334
1 0.4625 0.590625 0.471875 0.32708333333333334