1 0.23333333333333334 0.75 0.215625 0.19375
1 0.07083333333333333 0.765625 0.13854166666666667 0.2520833333333333
1 0.565625 0.6875 0.096875 0.09375
1 0.6291666666666667 0.675 0.078125 0.07395833333333333
1 0.6614583333333334 0.671875 0.03854166666666667 0.06979166666666667
1 0.9729166666666667 0.6666666666666666 0.026041666666666668 0.04375
1 0.9614583333333333 0.6489583333333333 0.03333333333333333 0.041666666666666664
1 0.7364583333333333 0.6229166666666667 0.0375 0.025
1 0.9520833333333333 0.6354166666666666 0.028125 0.022916666666666665
3 0.8364583333333333 0.6114583333333333 0.04895833333333333 0.10104166666666667
3 0.8989583333333333 0.6104166666666667 0.07708333333333334 0.06666666666666667