2 0.8072916666666666 0.746875 0.38125 0.45208333333333334
1 0.19895833333333332 0.5614583333333333 0.39791666666666664 0.3770833333333333
1 0.6635416666666667 0.375 0.15625 0.1875
1 0.9125 0.371875 0.15833333333333333 0.13958333333333334
1 0.615625 0.35208333333333336 0.17708333333333334 0.16666666666666666
1 0.43125 0.42291666666666666 0.24583333333333332 0.19479166666666667
1 0.5510416666666667 0.31354166666666666 0.06770833333333333 0.10729166666666666
1 0.42916666666666664 0.278125 0.103125 0.0625
1 0.9552083333333333 0.3020833333333333 0.08541666666666667 0.08333333333333333
1 0.91875 0.26666666666666666 0.16145833333333334 0.08333333333333333
1 0.96875 0.46979166666666666 0.059375 0.265625
3 0.403125 0.23854166666666668 0.096875 0.05
1 0.165625 0.309375 0.13645833333333332 0.121875
1 0.334375 0.346875 0.16666666666666666 0.08333333333333333
1 0.14166666666666666 0.23854166666666668 0.06770833333333333 0.03958333333333333
1 0.42916666666666664 0.30104166666666665 0.8520833333333333 0.378125