1 0.5197916666666667 0.5083333333333333 0.01875 0.021875
1 0.490625 0.5104166666666666 0.020833333333333332 0.022916666666666665
1 0.4666666666666667 0.5104166666666666 0.020833333333333332 0.026041666666666668
1 0.9885416666666667 0.6427083333333333 0.01875 0.05625
1 0.434375 0.5083333333333333 0.025 0.03229166666666667
3 0.559375 0.6302083333333334 0.04895833333333333 0.0875
3 0.615625 0.6270833333333333 0.04479166666666667 0.08541666666666667
3 0.078125 0.6395833333333333 0.07916666666666666 0.09375
3 0.21354166666666666 0.6395833333333333 0.04895833333333333 0.075
3 0.5 0.63125 0.05520833333333333 0.07916666666666666
3 0.4427083333333333 0.6333333333333333 0.058333333333333334 0.07916666666666666
3 0.375 0.6375 0.057291666666666664 0.07083333333333333
3 0.6864583333333333 0.6395833333333333 0.04375 0.06770833333333333
1 0.40729166666666666 0.5104166666666666 0.022916666666666665 0.025
1 0.20208333333333334 0.503125 0.04895833333333333 0.03229166666666667
0 0.029166666666666667 0.5510416666666667 0.058333333333333334 0.07291666666666667
0 0.13333333333333333 0.553125 0.046875 0.07291666666666667
0 0.18333333333333332 0.55 0.051041666666666666 0.07708333333333334
0 0.234375 0.5489583333333333 0.04583333333333333 0.07083333333333333
0 0.2864583333333333 0.54375 0.053125 0.06979166666666667
0 0.415625 0.5520833333333334 0.041666666666666664 0.06458333333333334
0 0.5208333333333334 0.5395833333333333 0.040625 0.04791666666666667
0 0.6666666666666666 0.5447916666666667 0.053125 0.08229166666666667
0 0.6135416666666667 0.5427083333333333 0.04583333333333333 0.07916666666666666
3 0.020833333333333332 0.6375 0.041666666666666664 0.07916666666666666
1 0.15625 0.49583333333333335 0.029166666666666667 0.03125
0 0.08125 0.5489583333333333 0.052083333333333336 0.075
0 0.328125 0.5541666666666667 0.051041666666666666 0.06770833333333333
0 0.5697916666666667 0.5385416666666667 0.0375 0.041666666666666664
3 0.14583333333333334 0.634375 0.06875 0.09583333333333334
0 0.475 0.5552083333333333 0.0375 0.06979166666666667
3 0.703125 0.6364583333333333 0.004166666666666667 0.040625
1 0.08125 0.5020833333333333 0.023958333333333335 0.036458333333333336
1 0.10625 0.49270833333333336 0.020833333333333332 0.020833333333333332
1 0.05416666666666667 0.49583333333333335 0.026041666666666668 0.019791666666666666
3 0.31354166666666666 0.6375 0.0625 0.07916666666666666
3 0.753125 0.6302083333333334 0.03854166666666667 0.08229166666666667
3 0.9427083333333334 0.6489583333333333 0.035416666666666666 0.075
1 0.49583333333333335 0.6239583333333333 0.9833333333333333 0.45208333333333334
0 0.7177083333333333 0.528125 0.06666666666666667 0.10625