2 0.6604166666666667 0.7708333333333334 0.18020833333333333 0.21145833333333333
2 0.5 0.5125 0.09479166666666666 0.14375
2 0.5260416666666666 0.8791666666666667 0.2875 0.12708333333333333
2 0.39895833333333336 0.41354166666666664 0.078125 0.08541666666666667
2 0.5239583333333333 0.4947916666666667 0.05625 0.01875
0 0.7427083333333333 0.23229166666666667 0.2833333333333333 0.153125
1 0.20208333333333334 0.6875 0.4041666666666667 0.2
1 0.17291666666666666 0.5927083333333333 0.3458333333333333 0.12708333333333333
1 0.1875 0.5729166666666666 0.37083333333333335 0.184375
1 0.04375 0.46145833333333336 0.0875 0.04583333333333333
1 0.784375 0.45208333333333334 0.2677083333333333 0.178125
1 0.853125 0.48125 0.13125 0.20416666666666666
1 0.5864583333333333 0.3416666666666667 0.21458333333333332 0.08854166666666667
1 0.9270833333333334 0.46041666666666664 0.13958333333333334 0.32708333333333334
1 0.40625 0.3125 0.146875 0.01875
1 0.11875 0.3927083333333333 0.23645833333333333 0.04583333333333333
1 0.7239583333333334 0.4125 0.22708333333333333 0.1375
1 0.11666666666666667 0.3416666666666667 0.23333333333333334 0.08020833333333334
2 0.33125 0.41354166666666664 0.07604166666666666 0.1
2 0.7427083333333333 0.6145833333333334 0.075 0.035416666666666666
2 0.3416666666666667 0.571875 0.14270833333333333 0.16041666666666668
1 0.9489583333333333 0.6802083333333333 0.09583333333333334 0.30833333333333335
1 0.49895833333333334 0.50625 0.996875 0.94375