1 0.33229166666666665 0.671875 0.12083333333333333 0.096875
1 0.403125 0.665625 0.065625 0.08020833333333334
1 0.5083333333333333 0.659375 0.06145833333333333 0.07083333333333333
1 0.553125 0.6572916666666667 0.035416666666666666 0.06458333333333334
1 0.7833333333333333 0.6541666666666667 0.036458333333333336 0.0375
0 0.675 0.6520833333333333 0.190625 0.15104166666666666
0 0.84375 0.6395833333333333 0.05625 0.05
1 0.46041666666666664 0.6625 0.075 0.07291666666666667
1 0.5822916666666667 0.65 0.019791666666666666 0.046875
1 0.19166666666666668 0.8364583333333333 0.38333333333333336 0.31979166666666664
1 0.5739583333333333 0.6583333333333333 0.021875 0.05