1 0.20104166666666667 0.7020833333333333 0.09166666666666666 0.04479166666666667
1 0.28229166666666666 0.7 0.06458333333333334 0.03333333333333333
1 0.378125 0.7020833333333333 0.09166666666666666 0.04375
1 0.05 0.7052083333333333 0.04895833333333333 0.052083333333333336
1 0.5260416666666666 0.69375 0.07395833333333333 0.053125
1 0.9625 0.69375 0.06458333333333334 0.03958333333333333
1 0.4552083333333333 0.6947916666666667 0.07395833333333333 0.03229166666666667
1 0.496875 0.6864583333333333 0.026041666666666668 0.020833333333333332
1 0.9052083333333333 0.6958333333333333 0.029166666666666667 0.040625
1 0.76875 0.7 0.03958333333333333 0.04791666666666667
1 0.40208333333333335 0.6802083333333333 0.10208333333333333 0.01875
1 0.321875 0.6854166666666667 0.05 0.015625
1 0.007291666666666667 0.6822916666666666 0.013541666666666667 0.022916666666666665
1 0.5333333333333333 0.6947916666666667 0.7364583333333333 0.08229166666666667