1 0.415625 0.915625 0.017708333333333333 0.014583333333333334
1 0.48333333333333334 0.9041666666666667 0.01875 0.025
1 0.5739583333333333 0.7708333333333334 0.014583333333333334 0.017708333333333333
1 0.5489583333333333 0.8458333333333333 0.014583333333333334 0.015625
1 0.575 0.846875 0.021875 0.017708333333333333
0 0.415625 0.890625 0.036458333333333336 0.040625
0 0.678125 0.6927083333333334 0.021875 0.027083333333333334
3 0.38645833333333335 0.925 0.03333333333333333 0.026041666666666668
3 0.4125 0.8916666666666667 0.03333333333333333 0.03958333333333333
3 0.5208333333333334 0.828125 0.014583333333333334 0.016666666666666666
1 0.49895833333333334 0.8479166666666667 0.014583333333333334 0.0125
1 0.5208333333333334 0.828125 0.013541666666666667 0.014583333333333334
1 0.4552083333333333 0.915625 0.020833333333333332 0.021875
1 0.6197916666666666 0.8197916666666667 0.013541666666666667 0.010416666666666666
1 0.4875 0.8697916666666666 0.017708333333333333 0.014583333333333334
1 0.5083333333333333 0.81875 0.0125 0.013541666666666667
3 0.640625 0.7427083333333333 0.01875 0.026041666666666668
3 0.5802083333333333 0.784375 0.014583333333333334 0.014583333333333334
1 0.5614583333333333 0.8229166666666666 0.015625 0.013541666666666667
0 0.70625 0.690625 0.019791666666666666 0.020833333333333332
3 0.540625 0.8114583333333333 0.014583333333333334 0.019791666666666666
3 0.70625 0.6916666666666667 0.01875 0.023958333333333335
1 0.6375 0.7791666666666667 0.565625 0.4375