1 0.2833333333333333 0.8854166666666666 0.21458333333333332 0.228125
1 0.921875 0.8729166666666667 0.15104166666666666 0.20625
1 0.375 0.7875 0.025 0.075
1 0.42291666666666666 0.759375 0.023958333333333335 0.04895833333333333
2 0.3104166666666667 0.90625 0.23229166666666667 0.16354166666666667
2 0.8489583333333334 0.88125 0.041666666666666664 0.0875
2 0.8 0.8614583333333333 0.03125 0.07291666666666667
2 0.53125 0.8041666666666667 0.04583333333333333 0.0875
2 0.46875 0.7625 0.0125 0.035416666666666666
2 0.7552083333333334 0.84375 0.041666666666666664 0.078125
1 0.7083333333333334 0.78125 0.06666666666666667 0.11041666666666666
3 0.6791666666666667 0.759375 0.06666666666666667 0.109375
1 0.38125 0.7802083333333333 0.03125 0.07291666666666667
1 0.26875 0.8364583333333333 0.49895833333333334 0.2125
1 0.41354166666666664 0.7635416666666667 0.022916666666666665 0.041666666666666664
1 0.428125 0.7552083333333334 0.021875 0.040625
1 0.403125 0.7677083333333333 0.029166666666666667 0.051041666666666666
1 0.365625 0.7375 0.020833333333333332 0.011458333333333333
2 0.8447916666666667 0.853125 0.071875 0.1125
2 0.5645833333333333 0.8052083333333333 0.020833333333333332 0.04791666666666667
2 0.575 0.7947916666666667 0.014583333333333334 0.036458333333333336
1 0.6208333333333333 0.7729166666666667 0.04479166666666667 0.06875