2 0.43020833333333336 0.5947916666666667 0.8604166666666667 0.7729166666666667
2 0.5947916666666667 0.41041666666666665 0.5145833333333333 0.15520833333333334
2 0.5927083333333333 0.3177083333333333 0.3229166666666667 0.090625
2 0.690625 0.3697916666666667 0.4239583333333333 0.20208333333333334
2 0.4635416666666667 0.25416666666666665 0.10208333333333333 0.06875
2 0.9458333333333333 0.31666666666666665 0.04375 0.06979166666666667
2 0.35104166666666664 0.5614583333333333 0.22291666666666668 0.18541666666666667
2 0.88125 0.3614583333333333 0.13229166666666667 0.09479166666666666
2 0.9052083333333333 0.315625 0.07083333333333333 0.109375
2 0.44895833333333335 0.35625 0.32916666666666666 0.08541666666666667
2 0.9489583333333333 0.2947916666666667 0.07395833333333333 0.08541666666666667
2 0.8885416666666667 0.3260416666666667 0.11770833333333333 0.10208333333333333
2 0.9770833333333333 0.28229166666666666 0.041666666666666664 0.052083333333333336