1 0.4479166666666667 0.9104166666666667 0.053125 0.05416666666666667
1 0.20729166666666668 0.9020833333333333 0.030208333333333334 0.0375
1 0.14791666666666667 0.9052083333333333 0.03958333333333333 0.052083333333333336
1 0.17916666666666667 0.896875 0.030208333333333334 0.028125
1 0.23958333333333334 0.8979166666666667 0.0375 0.028125
1 0.3770833333333333 0.9020833333333333 0.03854166666666667 0.03958333333333333
1 0.2833333333333333 0.8947916666666667 0.05 0.034375
1 0.421875 0.9104166666666667 0.01875 0.040625
1 0.4166666666666667 0.9083333333333333 0.027083333333333334 0.040625
1 0.39375 0.9052083333333333 0.034375 0.03854166666666667
1 0.5385416666666667 0.9125 0.053125 0.08229166666666667
1 0.6364583333333333 0.940625 0.03958333333333333 0.096875