1 0.325 0.13020833333333334 0.051041666666666666 0.034375
1 0.353125 0.121875 0.03229166666666667 0.03125
1 0.396875 0.10520833333333333 0.03229166666666667 0.021875
1 0.2875 0.15625 0.035416666666666666 0.027083333333333334
1 0.24479166666666666 0.16979166666666667 0.04583333333333333 0.026041666666666668
1 0.36041666666666666 0.06979166666666667 0.035416666666666666 0.028125
1 0.33125 0.08020833333333334 0.034375 0.03125
1 0.3104166666666667 0.08645833333333333 0.036458333333333336 0.028125
1 0.39375 0.04479166666666667 0.016666666666666666 0.0125
1 0.28125 0.09479166666666666 0.04895833333333333 0.0375
1 0.33645833333333336 0.022916666666666665 0.026041666666666668 0.023958333333333335
1 0.2989583333333333 0.03229166666666667 0.025 0.030208333333333334