1 0.58125 0.6239583333333333 0.28020833333333334 0.171875
1 0.4875 0.5552083333333333 0.09791666666666667 0.11875
1 0.7291666666666666 0.5510416666666667 0.057291666666666664 0.06979166666666667
1 0.6895833333333333 0.5385416666666667 0.017708333333333333 0.053125
1 0.09166666666666666 0.5395833333333333 0.134375 0.09895833333333333
1 0.4 0.5208333333333334 0.040625 0.034375
1 0.3541666666666667 0.51875 0.051041666666666666 0.03958333333333333
1 0.44375 0.5166666666666667 0.025 0.028125
3 0.23020833333333332 0.49583333333333335 0.10520833333333333 0.11979166666666667
1 0.6052083333333333 0.528125 0.06458333333333334 0.0375
1 0.5614583333333333 0.5208333333333334 0.04375 0.0375
1 0.6947916666666667 0.5239583333333333 0.026041666666666668 0.053125
0 0.6364583333333333 0.496875 0.09791666666666667 0.134375
3 0.6354166666666666 0.49375 0.103125 0.128125
1 0.16666666666666666 0.5322916666666667 0.051041666666666666 0.0625