1 0.30416666666666664 0.14895833333333333 0.03229166666666667 0.020833333333333332
1 0.203125 0.11875 0.029166666666666667 0.020833333333333332
3 0.871875 0.13020833333333334 0.040625 0.04375
1 0.27291666666666664 0.1375 0.03333333333333333 0.01875
1 0.004166666666666667 0.07083333333333333 0.008333333333333333 0.014583333333333334
1 0.12083333333333333 0.11666666666666667 0.034375 0.019791666666666666
1 0.10729166666666666 0.09583333333333334 0.03333333333333333 0.01875
1 0.1625 0.125 0.036458333333333336 0.017708333333333333
1 0.07083333333333333 0.10729166666666666 0.028125 0.019791666666666666
1 0.036458333333333336 0.10104166666666667 0.03229166666666667 0.013541666666666667
1 0.016666666666666666 0.24479166666666666 0.028125 0.020833333333333332
1 0.040625 0.08125 0.036458333333333336 0.023958333333333335