2 0.051041666666666666 0.6104166666666667 0.10104166666666667 0.10208333333333333
3 0.24895833333333334 0.6135416666666667 0.36666666666666664 0.3104166666666667
1 0.7270833333333333 0.540625 0.09479166666666666 0.11145833333333334
1 0.8854166666666666 0.3125 0.026041666666666668 0.028125
2 0.7020833333333333 0.38958333333333334 0.016666666666666666 0.041666666666666664
2 0.7729166666666667 0.34270833333333334 0.0125 0.020833333333333332
1 0.8052083333333333 0.29791666666666666 0.0375 0.0375
1 0.76875 0.3104166666666667 0.025 0.041666666666666664
1 0.84375 0.27708333333333335 0.013541666666666667 0.0125
1 0.8895833333333333 0.29583333333333334 0.021875 0.011458333333333333
1 0.9020833333333333 0.28958333333333336 0.017708333333333333 0.01875
2 0.44479166666666664 0.7697916666666667 0.03958333333333333 0.13645833333333332
3 0.5947916666666667 0.34479166666666666 0.036458333333333336 0.05625
1 0.5677083333333334 0.38125 0.046875 0.06041666666666667
3 0.65625 0.4083333333333333 0.08541666666666667 0.08333333333333333