1 0.09375 0.19583333333333333 0.06145833333333333 0.029166666666666667
1 0.2708333333333333 0.171875 0.022916666666666665 0.016666666666666666
1 0.45 0.159375 0.021875 0.0125
1 0.4979166666666667 0.15208333333333332 0.020833333333333332 0.013541666666666667
1 0.6260416666666667 0.13541666666666666 0.03333333333333333 0.014583333333333334
1 0.5541666666666667 0.14791666666666667 0.016666666666666666 0.008333333333333333
1 0.821875 0.12708333333333333 0.017708333333333333 0.014583333333333334
1 0.6958333333333333 0.13229166666666667 0.025 0.011458333333333333
1 0.051041666666666666 0.18125 0.030208333333333334 0.015625
1 0.6729166666666667 0.134375 0.014583333333333334 0.015625
1 0.8541666666666666 0.12395833333333334 0.023958333333333335 0.017708333333333333