1 0.278125 0.3416666666666667 0.03854166666666667 0.034375
1 0.7302083333333333 0.3145833333333333 0.059375 0.03333333333333333
1 0.7802083333333333 0.31875 0.07916666666666666 0.04479166666666667
1 0.8302083333333333 0.315625 0.07291666666666667 0.042708333333333334
1 0.871875 0.3072916666666667 0.05 0.026041666666666668
1 0.9333333333333333 0.30625 0.08333333333333333 0.057291666666666664
1 0.5927083333333333 0.33645833333333336 0.07291666666666667 0.04895833333333333
1 0.7020833333333333 0.31354166666666666 0.06770833333333333 0.034375
1 0.66875 0.3145833333333333 0.07395833333333333 0.030208333333333334
1 0.08333333333333333 0.3572916666666667 0.0375 0.03854166666666667
1 0.3614583333333333 0.340625 0.029166666666666667 0.025
1 0.978125 0.309375 0.030208333333333334 0.04375
1 0.6270833333333333 0.33229166666666665 0.06354166666666666 0.053125
3 0.9322916666666666 0.30833333333333335 0.078125 0.053125
1 0.5604166666666667 0.30416666666666664 0.7354166666666667 0.11979166666666667