1 0.7541666666666667 0.38645833333333335 0.1 0.08125
1 0.8291666666666667 0.35833333333333334 0.071875 0.042708333333333334
1 0.978125 0.4041666666666667 0.040625 0.06354166666666666
1 0.315625 0.365625 0.05625 0.052083333333333336
1 0.26875 0.36041666666666666 0.04479166666666667 0.05
3 0.3875 0.36354166666666665 0.09166666666666666 0.06979166666666667
1 0.8270833333333333 0.4 0.06041666666666667 0.05416666666666667
1 0.9166666666666666 0.359375 0.07708333333333334 0.046875
1 0.696875 0.39166666666666666 0.03958333333333333 0.058333333333333334
1 0.9197916666666667 0.4 0.075 0.07291666666666667
1 0.6958333333333333 0.35104166666666664 0.036458333333333336 0.023958333333333335
1 0.45208333333333334 0.37395833333333334 0.042708333333333334 0.05416666666666667
1 0.5541666666666667 0.34479166666666666 0.04583333333333333 0.022916666666666665
1 0.765625 0.3770833333333333 0.45 0.159375