1 0.290625 0.42604166666666665 0.071875 0.06145833333333333
1 0.225 0.346875 0.03229166666666667 0.065625
1 0.13125 0.3385416666666667 0.036458333333333336 0.03958333333333333
1 0.16458333333333333 0.403125 0.06666666666666667 0.07291666666666667
1 0.036458333333333336 0.4395833333333333 0.06770833333333333 0.075
1 0.3333333333333333 0.35208333333333336 0.058333333333333334 0.05
1 0.23854166666666668 0.32083333333333336 0.04479166666666667 0.036458333333333336
3 0.28958333333333336 0.32395833333333335 0.057291666666666664 0.041666666666666664
1 0.32083333333333336 0.48854166666666665 0.09166666666666666 0.05
1 0.08125 0.34791666666666665 0.035416666666666666 0.04791666666666667
1 0.008333333333333333 0.37395833333333334 0.016666666666666666 0.06145833333333333
1 0.2875 0.3541666666666667 0.06458333333333334 0.057291666666666664
0 0.08229166666666667 0.29583333333333334 0.029166666666666667 0.05625
1 0.13229166666666667 0.2947916666666667 0.03229166666666667 0.036458333333333336
0 0.20416666666666666 0.2916666666666667 0.058333333333333334 0.05416666666666667
3 0.057291666666666664 0.2989583333333333 0.0375 0.084375
1 0.115625 0.309375 0.23125 0.20104166666666667