1 0.33645833333333336 0.88125 0.296875 0.20625
1 0.6052083333333333 0.8895833333333333 0.2791666666666667 0.21666666666666667
1 0.6760416666666667 0.7802083333333333 0.253125 0.13229166666666667
1 0.8979166666666667 0.8 0.2 0.146875
0 0.2375 0.6875 0.4354166666666667 0.1625
0 0.7354166666666667 0.7041666666666667 0.528125 0.215625
1 0.378125 0.7635416666666667 0.14791666666666667 0.10520833333333333
1 0.18125 0.8635416666666667 0.13854166666666667 0.18645833333333334
1 0.19479166666666667 0.7770833333333333 0.20416666666666666 0.084375
1 0.027083333333333334 0.8479166666666667 0.04895833333333333 0.103125
1 0.04791666666666667 0.790625 0.09583333333333334 0.0875
1 0.0375 0.7520833333333333 0.075 0.042708333333333334