1 0.39895833333333336 0.6979166666666666 0.1375 0.06145833333333333
1 0.21145833333333333 0.6916666666666667 0.11979166666666667 0.036458333333333336
1 0.31875 0.6854166666666667 0.09895833333333333 0.03854166666666667
1 0.134375 0.6947916666666667 0.07708333333333334 0.03854166666666667
1 0.06145833333333333 0.6916666666666667 0.11875 0.05
3 0.76875 0.6916666666666667 0.31354166666666666 0.071875
1 0.7729166666666667 0.7104166666666667 0.31354166666666666 0.06041666666666667
1 0.6375 0.6760416666666667 0.06875 0.021875
1 0.8614583333333333 0.6697916666666667 0.084375 0.025
3 0.06354166666666666 0.6916666666666667 0.12708333333333333 0.053125
1 0.9322916666666666 0.6791666666666667 0.06458333333333334 0.0125