1 0.771875 0.7135416666666666 0.32708333333333334 0.296875
1 0.659375 0.5854166666666667 0.20416666666666666 0.15416666666666667
2 0.534375 0.8145833333333333 0.19583333333333333 0.334375
2 0.39791666666666664 0.7177083333333333 0.057291666666666664 0.140625
2 0.33229166666666665 0.709375 0.06354166666666666 0.15104166666666666
2 0.278125 0.6833333333333333 0.04791666666666667 0.11979166666666667
2 0.20520833333333333 0.590625 0.03125 0.0625
1 0.04375 0.5229166666666667 0.029166666666666667 0.03125
1 0.14479166666666668 0.5208333333333334 0.0375 0.028125
1 0.575 0.5114583333333333 0.2375 0.11145833333333334
1 0.41458333333333336 0.5479166666666667 0.03333333333333333 0.046875
1 0.013541666666666667 0.5322916666666667 0.020833333333333332 0.03125
2 0.23229166666666667 0.6083333333333333 0.015625 0.059375
2 0.18333333333333332 0.5572916666666666 0.00625 0.017708333333333333
3 0.578125 0.5114583333333333 0.240625 0.10520833333333333
1 0.09791666666666667 0.521875 0.025 0.023958333333333335
1 0.115625 0.5177083333333333 0.019791666666666666 0.0125
2 0.36354166666666665 0.659375 0.022916666666666665 0.059375