1 0.3333333333333333 0.221875 0.065625 0.04895833333333333
1 0.759375 0.26979166666666665 0.084375 0.07395833333333333
1 0.7020833333333333 0.26145833333333335 0.06354166666666666 0.07083333333333333
1 0.21770833333333334 0.21979166666666666 0.15 0.08229166666666667
1 0.125 0.21354166666666666 0.11666666666666667 0.06145833333333333
1 0.08645833333333333 0.19166666666666668 0.078125 0.046875
1 0.3125 0.21770833333333334 0.04375 0.03958333333333333
1 0.042708333333333334 0.19166666666666668 0.06770833333333333 0.052083333333333336
1 0.3020833333333333 0.196875 0.042708333333333334 0.01875
1 0.5479166666666667 0.23645833333333333 0.04895833333333333 0.052083333333333336
1 0.5270833333333333 0.23125 0.029166666666666667 0.04479166666666667
3 0.6083333333333333 0.25 0.14375 0.1