1 0.21666666666666667 0.45208333333333334 0.078125 0.04479166666666667
2 0.434375 0.771875 0.425 0.43333333333333335
2 0.8822916666666667 0.5114583333333333 0.10208333333333333 0.159375
2 0.79375 0.47708333333333336 0.11145833333333334 0.15625
2 0.70625 0.47604166666666664 0.11145833333333334 0.09583333333333334
2 0.628125 0.459375 0.07083333333333333 0.051041666666666666
2 0.3104166666666667 0.6447916666666667 0.390625 0.38333333333333336
2 0.046875 0.49583333333333335 0.06145833333333333 0.115625
2 0.11666666666666667 0.534375 0.10104166666666667 0.2125
2 0.559375 0.46041666666666664 0.03854166666666667 0.07083333333333333
2 0.29270833333333335 0.5427083333333333 0.20729166666666668 0.16458333333333333
2 0.16666666666666666 0.5447916666666667 0.1625 0.24270833333333333
2 0.023958333333333335 0.484375 0.04479166666666667 0.071875
1 0.19166666666666668 0.43125 0.05625 0.023958333333333335
1 0.029166666666666667 0.4395833333333333 0.058333333333333334 0.0375
2 0.5041666666666667 0.4822916666666667 0.06979166666666667 0.1