3 0.6395833333333333 0.7802083333333333 0.4010416666666667 0.3875
3 0.21770833333333334 0.5947916666666667 0.41770833333333335 0.28854166666666664
3 0.603125 0.38958333333333334 0.22291666666666668 0.10520833333333333
3 0.234375 0.41354166666666664 0.284375 0.12604166666666666
3 0.9083333333333333 0.703125 0.18229166666666666 0.32395833333333335
3 0.7083333333333334 0.434375 0.27291666666666664 0.125
1 0.48541666666666666 0.34270833333333334 0.18541666666666667 0.10208333333333333
1 0.075 0.3385416666666667 0.146875 0.11145833333333334
1 0.2635416666666667 0.2760416666666667 0.10416666666666667 0.06666666666666667
1 0.35208333333333336 0.3104166666666667 0.14479166666666668 0.06666666666666667
1 0.103125 0.38645833333333335 0.19583333333333333 0.12291666666666666
1 0.3229166666666667 0.28229166666666666 0.12708333333333333 0.07916666666666666
3 0.3302083333333333 0.20208333333333334 0.065625 0.06666666666666667
3 0.3645833333333333 0.33541666666666664 0.14166666666666666 0.084375