1 0.25104166666666666 0.8916666666666667 0.29791666666666666 0.13229166666666667
1 0.43854166666666666 0.8302083333333333 0.209375 0.09791666666666667
1 0.809375 0.8916666666666667 0.378125 0.18125
1 0.06666666666666667 0.8572916666666667 0.13333333333333333 0.0875
1 0.175 0.8322916666666667 0.12083333333333333 0.05416666666666667
1 0.3104166666666667 0.815625 0.090625 0.030208333333333334
1 0.7020833333333333 0.8145833333333333 0.11979166666666667 0.034375
1 0.965625 0.7916666666666666 0.06458333333333334 0.025
1 0.259375 0.8114583333333333 0.075 0.030208333333333334
1 0.32395833333333335 0.7947916666666667 0.03333333333333333 0.0125
1 0.1875 0.803125 0.05 0.008333333333333333