1 0.9770833333333333 0.5260416666666666 0.040625 0.18020833333333333
1 0.665625 0.6322916666666667 0.44479166666666664 0.46979166666666666
1 0.5947916666666667 0.39479166666666665 0.04583333333333333 0.019791666666666666
1 0.7333333333333333 0.37604166666666666 0.040625 0.04791666666666667
1 0.6447916666666667 0.32708333333333334 0.017708333333333333 0.021875
1 0.9197916666666667 0.42916666666666664 0.08333333333333333 0.078125
1 0.5677083333333334 0.32708333333333334 0.022916666666666665 0.025
1 0.7083333333333334 0.365625 0.020833333333333332 0.03854166666666667
3 0.7270833333333333 0.371875 0.04895833333333333 0.06041666666666667
1 0.6 0.3854166666666667 0.046875 0.0375
1 0.6958333333333333 0.35625 0.023958333333333335 0.03229166666666667