3 0.290625 0.290625 0.096875 0.134375
1 0.14375 0.33645833333333336 0.08125 0.08541666666666667
1 0.12291666666666666 0.29583333333333334 0.06666666666666667 0.09166666666666666
1 0.146875 0.2604166666666667 0.058333333333333334 0.07291666666666667
1 0.103125 0.23645833333333333 0.05520833333333333 0.1
1 0.13229166666666667 0.20104166666666667 0.04895833333333333 0.05416666666666667
0 0.253125 0.25 0.09583333333333334 0.19375
1 0.12291666666666666 0.057291666666666664 0.041666666666666664 0.058333333333333334
1 0.28958333333333336 0.384375 0.09895833333333333 0.14479166666666668
1 0.58125 0.10833333333333334 0.10833333333333334 0.06979166666666667
1 0.11979166666666667 0.121875 0.065625 0.06458333333333334
1 0.22708333333333333 0.06458333333333334 0.09791666666666667 0.06041666666666667
1 0.71875 0.103125 0.08854166666666667 0.05625
1 0.3229166666666667 0.3260416666666667 0.06979166666666667 0.06145833333333333