0 0.13229166666666667 0.5833333333333334 0.22395833333333334 0.33645833333333336
1 0.011458333333333333 0.628125 0.022916666666666665 0.08125
0 0.8458333333333333 0.5666666666666667 0.2552083333333333 0.12604166666666666
1 0.2604166666666667 0.6854166666666667 0.18958333333333333 0.19270833333333334
1 0.40625 0.653125 0.13958333333333334 0.16041666666666668
1 0.878125 0.684375 0.16458333333333333 0.20208333333333334
1 0.7583333333333333 0.6822916666666666 0.13020833333333334 0.14270833333333333
1 0.6791666666666667 0.6270833333333333 0.0375 0.07395833333333333
1 0.175 0.6885416666666667 0.05416666666666667 0.15104166666666666
1 0.16875 0.6739583333333333 0.09791666666666667 0.16875
1 0.9802083333333333 0.7302083333333333 0.03854166666666667 0.17395833333333333
1 0.3145833333333333 0.6083333333333333 0.08333333333333333 0.06875