1 0.46041666666666664 0.553125 0.090625 0.06145833333333333
1 0.26875 0.5552083333333333 0.06354166666666666 0.05625
1 0.18958333333333333 0.5447916666666667 0.11041666666666666 0.036458333333333336
1 0.8770833333333333 0.540625 0.059375 0.03854166666666667
1 0.35208333333333336 0.5416666666666666 0.03958333333333333 0.03854166666666667
1 0.9833333333333333 0.5697916666666667 0.029166666666666667 0.046875
1 0.8395833333333333 0.5354166666666667 0.042708333333333334 0.034375
3 0.6260416666666667 0.546875 0.13645833333333332 0.08333333333333333
1 0.7822916666666667 0.5322916666666667 0.03854166666666667 0.028125
1 0.7364583333333333 0.528125 0.020833333333333332 0.023958333333333335
3 0.015625 0.53125 0.030208333333333334 0.06875