2 0.3729166666666667 0.7364583333333333 0.6041666666666666 0.521875
2 0.58125 0.634375 0.17395833333333333 0.353125
2 0.6927083333333334 0.59375 0.11770833333333333 0.15833333333333333
2 0.7708333333333334 0.7427083333333333 0.13125 0.3885416666666667
2 0.8625 0.78125 0.27395833333333336 0.41041666666666665
2 0.12083333333333333 0.36041666666666666 0.03854166666666667 0.0375
2 0.5020833333333333 0.33958333333333335 0.041666666666666664 0.034375
1 0.26458333333333334 0.3375 0.04375 0.053125
1 0.49166666666666664 0.3104166666666667 0.052083333333333336 0.036458333333333336
1 0.6333333333333333 0.321875 0.078125 0.058333333333333334
2 0.21041666666666667 0.3541666666666667 0.051041666666666666 0.035416666666666666