1 0.3802083333333333 0.43854166666666666 0.035416666666666666 0.016666666666666666
1 0.37083333333333335 0.46770833333333334 0.046875 0.035416666666666666
2 0.6166666666666667 0.8010416666666667 0.19791666666666666 0.39166666666666666
2 0.790625 0.7708333333333334 0.21354166666666666 0.453125
2 0.9177083333333333 0.7635416666666667 0.16041666666666668 0.4510416666666667
2 0.49270833333333336 0.5739583333333333 0.10416666666666667 0.15833333333333333
2 0.628125 0.5677083333333334 0.08125 0.09375
2 0.80625 0.546875 0.08125 0.12291666666666666
2 0.5666666666666667 0.6510416666666666 0.071875 0.17604166666666668
2 0.734375 0.584375 0.05520833333333333 0.08541666666666667
2 0.6697916666666667 0.6385416666666667 0.08854166666666667 0.24270833333333333
2 0.42604166666666665 0.771875 0.21145833333333333 0.4322916666666667
2 0.2604166666666667 0.8020833333333334 0.1625 0.371875
2 0.09583333333333334 0.7520833333333333 0.178125 0.34791666666666665
2 0.43125 0.54375 0.05625 0.09270833333333334