1 0.14583333333333334 0.48333333333333334 0.2916666666666667 0.3145833333333333
1 0.49166666666666664 0.36666666666666664 0.058333333333333334 0.084375
1 0.04479166666666667 0.3 0.08645833333333333 0.058333333333333334
1 0.725 0.34479166666666666 0.041666666666666664 0.06145833333333333
1 0.6822916666666666 0.3458333333333333 0.04791666666666667 0.071875
1 0.5333333333333333 0.32916666666666666 0.04895833333333333 0.034375
1 0.6635416666666667 0.35208333333333336 0.03229166666666667 0.06458333333333334
1 0.78125 0.34270833333333334 0.015625 0.04583333333333333
1 0.240625 0.3645833333333333 0.17708333333333334 0.16041666666666668
1 0.84375 0.3375 0.015625 0.03125
1 0.8145833333333333 0.34375 0.030208333333333334 0.034375
1 0.79375 0.34375 0.01875 0.041666666666666664