1 0.7552083333333334 0.44479166666666664 0.013541666666666667 0.015625
1 0.7072916666666667 0.4354166666666667 0.017708333333333333 0.016666666666666666
1 0.6895833333333333 0.4354166666666667 0.016666666666666666 0.016666666666666666
1 0.659375 0.43333333333333335 0.020833333333333332 0.019791666666666666
1 0.4322916666666667 0.4479166666666667 0.019791666666666666 0.015625
1 0.4583333333333333 0.43645833333333334 0.013541666666666667 0.0125
1 0.40208333333333335 0.43333333333333335 0.020833333333333332 0.015625
1 0.5572916666666666 0.434375 0.01875 0.014583333333333334
1 0.421875 0.45729166666666665 0.014583333333333334 0.017708333333333333
1 0.375 0.45625 0.017708333333333333 0.01875
1 0.5885416666666666 0.434375 0.015625 0.016666666666666666
1 0.5833333333333334 0.43854166666666666 0.47708333333333336 0.035416666666666666