1 0.6385416666666667 0.621875 0.096875 0.09583333333333334
1 0.9166666666666666 0.6354166666666666 0.09791666666666667 0.09583333333333334
1 0.809375 0.6145833333333334 0.075 0.084375
1 0.9791666666666666 0.6635416666666667 0.0375 0.11041666666666666
1 0.853125 0.6166666666666667 0.10520833333333333 0.0875
1 0.7333333333333333 0.5947916666666667 0.0625 0.08125
1 0.70625 0.5927083333333333 0.034375 0.07708333333333334
1 0.7427083333333333 0.60625 0.034375 0.07604166666666666
1 0.49895833333333334 0.5729166666666666 0.04895833333333333 0.06145833333333333
1 0.47604166666666664 0.5666666666666667 0.01875 0.053125
1 0.95625 0.6458333333333334 0.084375 0.1125
3 0.5958333333333333 0.5552083333333333 0.08541666666666667 0.10520833333333333
3 0.7979166666666667 0.6 0.09479166666666666 0.103125
1 0.4166666666666667 0.5604166666666667 0.008333333333333333 0.028125
1 0.5666666666666667 0.5645833333333333 0.253125 0.05