1 0.546875 0.5885416666666666 0.18541666666666667 0.10833333333333334
1 0.2708333333333333 0.5489583333333333 0.07291666666666667 0.051041666666666666
1 0.18854166666666666 0.5333333333333333 0.07291666666666667 0.04583333333333333
1 0.13125 0.5333333333333333 0.046875 0.03958333333333333
1 0.08645833333333333 0.565625 0.08125 0.05625
1 0.09895833333333333 0.5291666666666667 0.040625 0.034375
2 0.17083333333333334 0.58125 0.058333333333333334 0.08020833333333334
2 0.434375 0.6354166666666666 0.08125 0.03333333333333333
3 0.871875 0.5447916666666667 0.253125 0.18958333333333333
3 0.11145833333333334 0.6895833333333333 0.21979166666666666 0.40520833333333334
3 0.18854166666666666 0.5364583333333334 0.075 0.05520833333333333
1 0.34375 0.559375 0.028125 0.04479166666666667