2 0.7375 0.6645833333333333 0.5229166666666667 0.5145833333333333
2 0.653125 0.44375 0.6875 0.5552083333333333
2 0.47291666666666665 0.328125 0.5177083333333333 0.5020833333333333
2 0.32083333333333336 0.365625 0.240625 0.20833333333333334
2 0.753125 0.44895833333333335 0.4895833333333333 0.49583333333333335
1 0.10729166666666666 0.3854166666666667 0.029166666666666667 0.017708333333333333
1 0.04583333333333333 0.3927083333333333 0.04375 0.01875
2 0.6666666666666666 0.5510416666666667 0.3302083333333333 0.2833333333333333
2 0.32083333333333336 0.42604166666666665 0.23333333333333334 0.21458333333333332
2 0.23958333333333334 0.365625 0.16979166666666667 0.18020833333333333
2 0.20625 0.3697916666666667 0.10416666666666667 0.10729166666666666
1 0.146875 0.38125 0.03854166666666667 0.030208333333333334
1 0.015625 0.378125 0.022916666666666665 0.009375
2 0.571875 0.42083333333333334 0.5697916666666667 0.4864583333333333
2 0.8114583333333333 0.8125 0.3625 0.33229166666666665