1 0.253125 0.37604166666666666 0.3770833333333333 0.1
1 0.496875 0.32083333333333336 0.096875 0.03854166666666667
1 0.4322916666666667 0.3145833333333333 0.09791666666666667 0.040625
1 0.3854166666666667 0.31354166666666666 0.03958333333333333 0.022916666666666665
1 0.09583333333333334 0.32916666666666666 0.103125 0.05625
1 0.16770833333333332 0.31666666666666665 0.04583333333333333 0.03958333333333333
3 0.3625 0.29375 0.121875 0.052083333333333336
3 0.035416666666666666 0.30625 0.036458333333333336 0.036458333333333336
1 0.20104166666666667 0.31354166666666666 0.046875 0.035416666666666666
1 0.3375 0.3145833333333333 0.058333333333333334 0.030208333333333334
1 0.2635416666666667 0.31666666666666665 0.03229166666666667 0.016666666666666666