1 0.853125 0.26875 0.059375 0.0375
1 0.7541666666666667 0.2375 0.028125 0.027083333333333334
1 0.7145833333333333 0.23645833333333333 0.030208333333333334 0.029166666666666667
1 0.15208333333333332 0.20416666666666666 0.029166666666666667 0.03125
1 0.8322916666666667 0.24583333333333332 0.01875 0.01875
1 0.5885416666666666 0.221875 0.022916666666666665 0.016666666666666666
1 0.8833333333333333 0.26666666666666666 0.046875 0.041666666666666664
1 0.6916666666666667 0.23541666666666666 0.029166666666666667 0.028125
1 0.953125 0.278125 0.07291666666666667 0.04479166666666667
1 0.5625 0.22708333333333333 0.023958333333333335 0.020833333333333332
1 0.6114583333333333 0.23125 0.030208333333333334 0.023958333333333335
1 0.7864583333333334 0.24270833333333333 0.027083333333333334 0.027083333333333334
1 0.8020833333333334 0.228125 0.019791666666666666 0.0125
1 0.6416666666666667 0.234375 0.703125 0.08020833333333334