1 0.64375 0.478125 0.10833333333333334 0.053125
1 0.3927083333333333 0.4875 0.115625 0.053125
1 0.5458333333333333 0.47604166666666664 0.065625 0.04583333333333333
1 0.565625 0.48125 0.058333333333333334 0.040625
1 0.45 0.47291666666666665 0.041666666666666664 0.034375
1 0.31979166666666664 0.48333333333333334 0.09270833333333334 0.040625
1 0.503125 0.478125 0.03333333333333333 0.0375
1 0.4791666666666667 0.4739583333333333 0.028125 0.040625
1 0.275 0.4791666666666667 0.058333333333333334 0.042708333333333334
1 0.25833333333333336 0.4739583333333333 0.03958333333333333 0.036458333333333336
1 0.23020833333333332 0.48125 0.027083333333333334 0.025