1 0.9052083333333333 0.3614583333333333 0.08958333333333333 0.09791666666666667
1 0.4875 0.2604166666666667 0.103125 0.059375
1 0.4479166666666667 0.7708333333333334 0.19375 0.18541666666666667
1 0.5020833333333333 0.6395833333333333 0.203125 0.14375
1 0.8625 0.28541666666666665 0.10104166666666667 0.03854166666666667
1 0.9604166666666667 0.29791666666666666 0.07708333333333334 0.03854166666666667
3 0.8583333333333333 0.5520833333333334 0.18645833333333334 0.20104166666666667
1 0.8572916666666667 0.54375 0.20104166666666667 0.20104166666666667
1 0.709375 0.36666666666666664 0.10208333333333333 0.10833333333333334
1 0.7947916666666667 0.27708333333333335 0.06354166666666666 0.034375
1 0.709375 0.28020833333333334 0.096875 0.05416666666666667
3 0.759375 0.4239583333333333 0.11458333333333333 0.16875
1 0.271875 0.221875 0.078125 0.027083333333333334
1 0.98125 0.328125 0.03333333333333333 0.03125