1 0.39375 0.7864583333333334 0.10833333333333334 0.06145833333333333
1 0.06770833333333333 0.7802083333333333 0.13541666666666666 0.07708333333333334
1 0.4739583333333333 0.7791666666666667 0.05416666666666667 0.042708333333333334
1 0.42291666666666666 0.7635416666666667 0.05520833333333333 0.030208333333333334
1 0.6270833333333333 0.7822916666666667 0.05 0.042708333333333334
1 0.21979166666666666 0.7875 0.17291666666666666 0.096875
1 0.9333333333333333 0.890625 0.12916666666666668 0.18958333333333333
1 0.9208333333333333 0.7916666666666666 0.15416666666666667 0.15416666666666667
1 0.3229166666666667 0.775 0.06458333333333334 0.040625
1 0.28020833333333334 0.7614583333333333 0.052083333333333336 0.0375
1 0.515625 0.7760416666666666 0.034375 0.0375
1 0.5375 0.7739583333333333 0.028125 0.034375
3 0.5833333333333334 0.7770833333333333 0.051041666666666666 0.04791666666666667
1 0.45729166666666665 0.7604166666666666 0.030208333333333334 0.025
3 0.684375 0.7729166666666667 0.028125 0.0375
1 0.61875 0.7666666666666667 0.146875 0.04479166666666667