1 0.7135416666666666 0.10833333333333334 0.24479166666666666 0.13020833333333334
2 0.49583333333333335 0.5614583333333333 0.5333333333333333 0.515625
2 0.9270833333333334 0.653125 0.14375 0.3854166666666667
2 0.828125 0.475 0.18020833333333333 0.2947916666666667
2 0.17083333333333334 0.38958333333333334 0.12708333333333333 0.18645833333333334
2 0.8791666666666667 0.3072916666666667 0.23020833333333332 0.10520833333333333
2 0.834375 0.22083333333333333 0.06458333333333334 0.12604166666666666
2 0.71875 0.290625 0.23958333333333334 0.184375
2 0.09895833333333333 0.6385416666666667 0.196875 0.41354166666666664
2 0.6333333333333333 0.35625 0.14479166666666668 0.25833333333333336
2 0.09479166666666666 0.253125 0.065625 0.09479166666666666
2 0.10520833333333333 0.4625 0.17916666666666667 0.34479166666666666
2 0.9770833333333333 0.421875 0.041666666666666664 0.14270833333333333