1 0.21770833333333334 0.553125 0.15208333333333332 0.10833333333333334
1 0.10104166666666667 0.5739583333333333 0.14270833333333333 0.11145833333333334
1 0.6885416666666667 0.55 0.09270833333333334 0.06041666666666667
1 0.8302083333333333 0.5604166666666667 0.040625 0.03958333333333333
1 0.8822916666666667 0.5541666666666667 0.041666666666666664 0.03229166666666667
1 0.022916666666666665 0.5916666666666667 0.04479166666666667 0.07395833333333333
1 0.31145833333333334 0.5416666666666666 0.121875 0.10729166666666666
1 0.8510416666666667 0.5583333333333333 0.021875 0.029166666666666667
1 0.9552083333333333 0.5604166666666667 0.036458333333333336 0.027083333333333334
3 0.41458333333333336 0.5427083333333333 0.09791666666666667 0.090625
1 0.7979166666666667 0.5510416666666667 0.0375 0.051041666666666666