1 0.5760416666666667 0.4947916666666667 0.8458333333333333 0.98125
1 0.7677083333333333 0.2552083333333333 0.18229166666666666 0.196875
1 0.428125 0.159375 0.07708333333333334 0.08645833333333333
1 0.4510416666666667 0.06979166666666667 0.028125 0.025
1 0.5583333333333333 0.128125 0.042708333333333334 0.05416666666666667
1 0.39166666666666666 0.11770833333333333 0.04895833333333333 0.065625
1 0.7135416666666666 0.1375 0.103125 0.04583333333333333
1 0.5833333333333334 0.14166666666666666 0.029166666666666667 0.04375
1 0.4583333333333333 0.084375 0.034375 0.03333333333333333
3 0.5322916666666667 0.11145833333333334 0.058333333333333334 0.058333333333333334
3 0.496875 0.103125 0.042708333333333334 0.04479166666666667