1 0.7229166666666667 0.609375 0.07708333333333334 0.115625
1 0.8541666666666666 0.5885416666666666 0.0625 0.07395833333333333
1 0.45416666666666666 0.5854166666666667 0.021875 0.040625
1 0.80625 0.578125 0.06875 0.08020833333333334
1 0.31875 0.6083333333333333 0.04583333333333333 0.04895833333333333
0 0.6 0.5520833333333334 0.19791666666666666 0.2552083333333333
1 0.96875 0.5760416666666667 0.059375 0.1125
1 0.9125 0.58125 0.075 0.08854166666666667
1 0.3177083333333333 0.5760416666666667 0.041666666666666664 0.019791666666666666
1 0.31666666666666665 0.6395833333333333 0.04375 0.07395833333333333
1 0.44895833333333335 0.5729166666666666 0.030208333333333334 0.040625