1 0.7791666666666667 0.828125 0.4375 0.3145833333333333
1 0.6229166666666667 0.728125 0.17291666666666666 0.16354166666666667
1 0.178125 0.7197916666666667 0.203125 0.16354166666666667
1 0.5333333333333333 0.6697916666666667 0.08229166666666667 0.07604166666666666
2 0.3177083333333333 0.828125 0.09166666666666666 0.19895833333333332
1 0.5364583333333334 0.6291666666666667 0.058333333333333334 0.030208333333333334
1 0.5010416666666667 0.6385416666666667 0.017708333333333333 0.03125
1 0.40625 0.6427083333333333 0.035416666666666666 0.04895833333333333
1 0.378125 0.653125 0.036458333333333336 0.05520833333333333
1 0.6635416666666667 0.65 0.11354166666666667 0.0375
1 0.4739583333333333 0.6302083333333334 0.011458333333333333 0.016666666666666666
1 0.5625 0.684375 0.084375 0.08645833333333333
1 0.35520833333333335 0.6625 0.05 0.06770833333333333
1 0.540625 0.6364583333333333 0.06979166666666667 0.022916666666666665