1 0.38229166666666664 0.56875 0.07291666666666667 0.06979166666666667
1 0.13958333333333334 0.55625 0.23854166666666668 0.11666666666666667
1 0.05 0.58125 0.09895833333333333 0.11458333333333333
1 0.48541666666666666 0.5760416666666667 0.04895833333333333 0.041666666666666664
1 0.3375 0.5666666666666667 0.03854166666666667 0.036458333333333336
1 0.4822916666666667 0.5270833333333333 0.013541666666666667 0.017708333333333333
1 0.4947916666666667 0.5135416666666667 0.010416666666666666 0.011458333333333333
1 0.42291666666666666 0.5666666666666667 0.01875 0.03854166666666667
1 0.453125 0.5645833333333333 0.030208333333333334 0.013541666666666667
1 0.4979166666666667 0.49895833333333334 0.013541666666666667 0.011458333333333333
1 0.27708333333333335 0.5604166666666667 0.08541666666666667 0.075
3 0.04895833333333333 0.5802083333333333 0.096875 0.10520833333333333
1 0.4354166666666667 0.56875 0.017708333333333333 0.03125
1 0.3145833333333333 0.575 0.036458333333333336 0.03958333333333333
3 0.14479166666666668 0.55625 0.23333333333333334 0.11875