1 0.74375 0.6520833333333333 0.15833333333333333 0.23125
1 0.625 0.6229166666666667 0.08645833333333333 0.10104166666666667
1 0.4427083333333333 0.5875 0.029166666666666667 0.034375
1 0.928125 0.6208333333333333 0.09270833333333334 0.134375
1 0.39479166666666665 0.5875 0.027083333333333334 0.040625
2 0.31354166666666666 0.8364583333333333 0.17083333333333334 0.27291666666666664
2 0.34791666666666665 0.6583333333333333 0.046875 0.10104166666666667
2 0.25729166666666664 0.6635416666666667 0.05 0.090625
2 0.4166666666666667 0.6916666666666667 0.06041666666666667 0.1375
1 0.26666666666666666 0.596875 0.06979166666666667 0.084375
2 0.38333333333333336 0.6322916666666667 0.028125 0.07708333333333334
2 0.290625 0.6072916666666667 0.014583333333333334 0.021875