1 0.43125 0.75 0.03854166666666667 0.03333333333333333
1 0.5822916666666667 0.7729166666666667 0.12291666666666666 0.06979166666666667
1 0.4791666666666667 0.7479166666666667 0.035416666666666666 0.019791666666666666
1 0.6479166666666667 0.7729166666666667 0.03958333333333333 0.05625
1 0.6364583333333333 0.740625 0.07083333333333333 0.029166666666666667
1 0.4395833333333333 0.746875 0.0375 0.030208333333333334
1 0.734375 0.7489583333333333 0.025 0.025
1 0.013541666666666667 0.771875 0.027083333333333334 0.06666666666666667
1 0.703125 0.7520833333333333 0.034375 0.04791666666666667
2 0.9375 0.80625 0.12291666666666666 0.05520833333333333
3 0.36666666666666664 0.7385416666666667 0.08958333333333333 0.059375
3 0.06979166666666667 0.765625 0.11770833333333333 0.06145833333333333
2 0.9458333333333333 0.7770833333333333 0.103125 0.04375
1 0.7125 0.746875 0.023958333333333335 0.03333333333333333
2 0.9166666666666666 0.7729166666666667 0.09583333333333334 0.059375
3 0.5260416666666666 0.75 0.075 0.040625