1 0.7114583333333333 0.5260416666666666 0.06458333333333334 0.071875
1 0.6666666666666666 0.4375 0.04375 0.04895833333333333
1 0.396875 0.3854166666666667 0.04895833333333333 0.04895833333333333
1 0.33125 0.39166666666666666 0.0375 0.05
1 0.6708333333333333 0.3541666666666667 0.027083333333333334 0.03958333333333333
1 0.459375 0.33125 0.01875 0.023958333333333335
3 0.6291666666666667 0.33958333333333335 0.05520833333333333 0.12083333333333333
3 0.9708333333333333 0.6958333333333333 0.057291666666666664 0.3697916666666667
3 0.4375 0.30833333333333335 0.026041666666666668 0.05520833333333333
3 0.384375 0.34270833333333334 0.05 0.06875
3 0.4635416666666667 0.3 0.020833333333333332 0.03958333333333333
3 0.49166666666666664 0.2916666666666667 0.014583333333333334 0.027083333333333334
3 0.7364583333333333 0.41041666666666665 0.053125 0.06770833333333333
1 0.2677083333333333 0.5354166666666667 0.06666666666666667 0.07708333333333334
1 0.43854166666666666 0.3458333333333333 0.023958333333333335 0.036458333333333336
1 0.4875 0.3125 0.0125 0.016666666666666666