1 0.8520833333333333 0.32916666666666666 0.04791666666666667 0.028125
1 0.834375 0.33645833333333336 0.029166666666666667 0.021875
1 0.7791666666666667 0.3104166666666667 0.03958333333333333 0.023958333333333335
1 0.8114583333333333 0.30416666666666664 0.035416666666666666 0.021875
1 0.81875 0.33958333333333335 0.026041666666666668 0.020833333333333332
1 0.8927083333333333 0.31354166666666666 0.03958333333333333 0.03229166666666667
1 0.7895833333333333 0.290625 0.014583333333333334 0.009375
1 0.7552083333333334 0.31979166666666664 0.03333333333333333 0.01875
1 0.7958333333333333 0.35 0.029166666666666667 0.021875
1 0.925 0.3385416666666667 0.052083333333333336 0.03333333333333333
1 0.8614583333333333 0.3229166666666667 0.04375 0.023958333333333335
3 0.9447916666666667 0.2989583333333333 0.058333333333333334 0.0375
1 0.8072916666666666 0.34270833333333334 0.021875 0.013541666666666667
1 0.8291666666666667 0.31875 0.203125 0.07916666666666666