1 0.27708333333333335 0.7822916666666667 0.19166666666666668 0.06875
1 0.13125 0.7854166666666667 0.23541666666666666 0.07083333333333333
1 0.03229166666666667 0.7625 0.06041666666666667 0.040625
1 0.36770833333333336 0.7697916666666667 0.11354166666666667 0.057291666666666664
1 0.309375 0.7427083333333333 0.09166666666666666 0.034375
3 0.61875 0.728125 0.09583333333333334 0.036458333333333336
1 0.8229166666666666 0.7552083333333334 0.12916666666666668 0.04895833333333333
1 0.728125 0.7541666666666667 0.115625 0.052083333333333336
1 0.6072916666666667 0.7333333333333333 0.06875 0.05
1 0.546875 0.76875 0.14791666666666667 0.059375
1 0.49375 0.775 0.042708333333333334 0.05625