0 0.5375 0.68125 0.2833333333333333 0.26875
1 0.16458333333333333 0.815625 0.19583333333333333 0.15416666666666667
1 0.18541666666666667 0.6770833333333334 0.14895833333333333 0.1
1 0.2552083333333333 0.65625 0.103125 0.08854166666666667
1 0.3458333333333333 0.646875 0.128125 0.09583333333333334
1 0.021875 0.771875 0.04375 0.090625
1 0.9010416666666666 0.6729166666666667 0.08125 0.11041666666666666
1 0.665625 0.5552083333333333 0.07083333333333333 0.057291666666666664
1 0.765625 0.6052083333333333 0.09895833333333333 0.09270833333333334
1 0.3927083333333333 0.6010416666666667 0.035416666666666666 0.03854166666666667
0 0.140625 0.5947916666666667 0.23125 0.14270833333333333
0 0.26458333333333334 0.4791666666666667 0.17291666666666666 0.04479166666666667
1 0.790625 0.7604166666666666 0.15520833333333334 0.1875