1 0.7875 0.6958333333333333 0.08645833333333333 0.07604166666666666
1 0.6135416666666667 0.69375 0.058333333333333334 0.046875
1 0.5479166666666667 0.6677083333333333 0.01875 0.017708333333333333
1 0.5625 0.6572916666666667 0.013541666666666667 0.010416666666666666
1 0.740625 0.6729166666666667 0.026041666666666668 0.030208333333333334
1 0.6604166666666667 0.6479166666666667 0.017708333333333333 0.016666666666666666
1 0.5989583333333334 0.6520833333333333 0.015625 0.0125
3 0.12291666666666666 0.7270833333333333 0.11666666666666667 0.13333333333333333
1 0.30416666666666664 0.675 0.023958333333333335 0.021875
1 0.1375 0.6645833333333333 0.03854166666666667 0.028125
1 0.6125 0.6520833333333333 0.0125 0.0125