1 0.3802083333333333 0.37395833333333334 0.19479166666666667 0.24166666666666667
3 0.3625 0.6625 0.525 0.371875
1 0.203125 0.3697916666666667 0.17708333333333334 0.2552083333333333
1 0.47604166666666664 0.3854166666666667 0.06666666666666667 0.215625
1 0.5114583333333333 0.390625 0.071875 0.21354166666666666
1 0.5479166666666667 0.4 0.06041666666666667 0.19895833333333332
1 0.575 0.409375 0.06145833333333333 0.19583333333333333
1 0.6010416666666667 0.4239583333333333 0.046875 0.18333333333333332
1 0.2916666666666667 0.29375 0.041666666666666664 0.0625
1 0.5989583333333334 0.7354166666666667 0.017708333333333333 0.071875
1 0.325 0.6541666666666667 0.17083333333333334 0.25729166666666664