1 0.34270833333333334 0.29375 0.6791666666666667 0.4552083333333333
1 0.8010416666666667 0.19479166666666667 0.34791666666666665 0.253125
1 0.9604166666666667 0.14791666666666667 0.075 0.1375
1 0.6677083333333333 0.06979166666666667 0.12604166666666666 0.08125
1 0.3854166666666667 0.06770833333333333 0.14479166666666668 0.06458333333333334
3 0.53125 0.07604166666666666 0.15416666666666667 0.084375
3 0.1625 0.09479166666666666 0.325 0.17291666666666666
3 0.8833333333333333 0.071875 0.0875 0.051041666666666666
1 0.9614583333333333 0.07604166666666666 0.07291666666666667 0.04791666666666667
1 0.721875 0.090625 0.165625 0.078125
1 0.7958333333333333 0.059375 0.07604166666666666 0.027083333333333334