1 0.28958333333333336 0.803125 0.08645833333333333 0.14166666666666666
1 0.6770833333333334 0.7854166666666667 0.08854166666666667 0.08229166666666667
1 0.7729166666666667 0.7927083333333333 0.11666666666666667 0.10208333333333333
1 0.625 0.7791666666666667 0.065625 0.06666666666666667
1 0.578125 0.7760416666666666 0.06041666666666667 0.06041666666666667
1 0.346875 0.7635416666666667 0.046875 0.058333333333333334
1 0.5020833333333333 0.7666666666666667 0.042708333333333334 0.046875
1 0.446875 0.7677083333333333 0.017708333333333333 0.0375
1 0.5416666666666666 0.7708333333333334 0.051041666666666666 0.05625
1 0.48020833333333335 0.765625 0.027083333333333334 0.04583333333333333
1 0.46458333333333335 0.7677083333333333 0.026041666666666668 0.03958333333333333
1 0.9 0.8052083333333333 0.14895833333333333 0.12916666666666668
1 0.428125 0.7677083333333333 0.022916666666666665 0.030208333333333334