1 0.5677083333333334 0.3229166666666667 0.019791666666666666 0.010416666666666666
1 0.5479166666666667 0.3375 0.028125 0.0125
1 0.6041666666666666 0.34791666666666665 0.03333333333333333 0.016666666666666666
1 0.603125 0.3302083333333333 0.026041666666666668 0.013541666666666667
1 0.5104166666666666 0.3302083333333333 0.026041666666666668 0.014583333333333334
1 0.6760416666666667 0.33958333333333335 0.035416666666666666 0.019791666666666666
1 0.6572916666666667 0.3385416666666667 0.026041666666666668 0.013541666666666667
1 0.2760416666666667 0.3072916666666667 0.020833333333333332 0.013541666666666667
1 0.46458333333333335 0.31875 0.03229166666666667 0.019791666666666666
1 0.6354166666666666 0.3333333333333333 0.022916666666666665 0.013541666666666667
1 0.5333333333333333 0.33229166666666665 0.041666666666666664 0.01875
1 0.31145833333333334 0.275 0.03125 0.008333333333333333
1 0.36770833333333336 0.271875 0.03333333333333333 0.0125
0 0.1 0.265625 0.06458333333333334 0.034375