2 0.6614583333333334 0.34791666666666665 0.125 0.21145833333333333
2 0.525 0.628125 0.36875 0.365625
2 0.7958333333333333 0.30104166666666665 0.22291666666666668 0.25104166666666666
2 0.43020833333333336 0.7885416666666667 0.8572916666666667 0.39791666666666664
2 0.5666666666666667 0.3458333333333333 0.12916666666666668 0.18645833333333334
2 0.6885416666666667 0.24479166666666666 0.06354166666666666 0.05416666666666667
2 0.4625 0.271875 0.065625 0.11145833333333334
2 0.375 0.18333333333333332 0.0375 0.04479166666666667
2 0.3572916666666667 0.27395833333333336 0.06770833333333333 0.14583333333333334
2 0.21770833333333334 0.578125 0.4354166666666667 0.39479166666666665
2 0.9166666666666666 0.7583333333333333 0.16458333333333333 0.45
2 0.9072916666666667 0.4427083333333333 0.18125 0.21875
3 0.9395833333333333 0.128125 0.10416666666666667 0.11458333333333333
2 0.540625 0.23125 0.059375 0.06041666666666667
2 0.5 0.5645833333333333 0.996875 0.865625