1 0.25416666666666665 0.8197916666666667 0.38958333333333334 0.23229166666666667
1 0.65625 0.7270833333333333 0.13333333333333333 0.13020833333333334
1 0.5489583333333333 0.6739583333333333 0.065625 0.052083333333333336
1 0.39166666666666666 0.6239583333333333 0.025 0.028125
2 0.7135416666666666 0.8885416666666667 0.04375 0.11770833333333333
2 0.7760416666666666 0.9604166666666667 0.12916666666666668 0.075
2 0.3375 0.671875 0.016666666666666666 0.03854166666666667
1 0.3302083333333333 0.6520833333333333 0.051041666666666666 0.06145833333333333
2 0.5739583333333333 0.8729166666666667 0.035416666666666666 0.11145833333333334
2 0.9104166666666667 0.9145833333333333 0.17708333333333334 0.16666666666666666
2 0.30416666666666664 0.6958333333333333 0.03125 0.0375
2 0.4427083333333333 0.8510416666666667 0.036458333333333336 0.10416666666666667