1 0.13541666666666666 0.896875 0.26875 0.2
1 0.321875 0.8125 0.20208333333333334 0.215625
1 0.7291666666666666 0.890625 0.5041666666666667 0.20208333333333334
1 0.09791666666666667 0.7677083333333333 0.11666666666666667 0.06458333333333334
3 0.50625 0.7145833333333333 0.21770833333333334 0.3697916666666667
3 0.15104166666666666 0.6854166666666667 0.14895833333333333 0.23958333333333334
1 0.85625 0.7614583333333333 0.08645833333333333 0.12916666666666668
1 0.71875 0.7572916666666667 0.041666666666666664 0.025
1 0.628125 0.7833333333333333 0.030208333333333334 0.04791666666666667
1 0.6739583333333333 0.7541666666666667 0.020833333333333332 0.013541666666666667
1 0.953125 0.7864583333333334 0.08645833333333333 0.051041666666666666