1 0.16145833333333334 0.5322916666666667 0.2833333333333333 0.24479166666666666
1 0.49375 0.48125 0.159375 0.15729166666666666
1 0.53125 0.39166666666666666 0.11666666666666667 0.1
3 0.8333333333333334 0.30520833333333336 0.16875 0.24166666666666667
3 0.5614583333333333 0.22916666666666666 0.07395833333333333 0.07708333333333334
3 0.4875 0.05 0.19375 0.057291666666666664
1 0.6604166666666667 0.36770833333333336 0.08541666666666667 0.09895833333333333
1 0.596875 0.34375 0.059375 0.0625
1 0.06458333333333334 0.303125 0.08333333333333333 0.042708333333333334
1 0.4625 0.25833333333333336 0.030208333333333334 0.028125
3 0.771875 0.40520833333333334 0.11875 0.15104166666666666
3 0.15833333333333333 0.5333333333333333 0.28229166666666666 0.24375
3 0.4166666666666667 0.31145833333333334 0.12083333333333333 0.08125
3 0.5322916666666667 0.3885416666666667 0.125 0.1125
3 0.9229166666666667 0.2375 0.05 0.09479166666666666
3 0.4625 0.23229166666666667 0.10416666666666667 0.084375
3 0.35833333333333334 0.24791666666666667 0.12916666666666668 0.11145833333333334
1 0.06354166666666666 0.3385416666666667 0.07708333333333334 0.071875
1 0.6979166666666666 0.31979166666666664 0.058333333333333334 0.06145833333333333
1 0.771875 0.40729166666666666 0.11458333333333333 0.15