1 0.7875 0.2989583333333333 0.14375 0.071875
2 0.4041666666666667 0.5697916666666667 0.4895833333333333 0.3958333333333333
2 0.65 0.40729166666666666 0.14270833333333333 0.20833333333333334
2 0.690625 0.4166666666666667 0.11875 0.21458333333333332
2 0.58125 0.4979166666666667 0.159375 0.27291666666666664
2 0.646875 0.490625 0.13541666666666666 0.23854166666666668
2 0.7416666666666667 0.41458333333333336 0.11666666666666667 0.19583333333333333
2 0.6104166666666667 0.46875 0.12291666666666666 0.24895833333333334
1 0.865625 0.3 0.10104166666666667 0.078125
1 0.8666666666666667 0.2552083333333333 0.12083333333333333 0.051041666666666666
2 0.5635416666666667 0.48541666666666666 0.09895833333333333 0.14166666666666666
2 0.78125 0.4 0.075 0.17083333333333334