1 0.12916666666666668 0.571875 0.12916666666666668 0.04791666666666667
1 0.85625 0.5760416666666667 0.042708333333333334 0.03958333333333333
1 0.8333333333333334 0.5666666666666667 0.084375 0.04375
1 0.834375 0.5708333333333333 0.052083333333333336 0.035416666666666666
1 0.190625 0.5604166666666667 0.046875 0.027083333333333334
1 0.7083333333333334 0.54375 0.05 0.014583333333333334
1 0.7489583333333333 0.5458333333333333 0.042708333333333334 0.017708333333333333
1 0.975 0.58125 0.046875 0.058333333333333334
1 0.7447916666666666 0.5697916666666667 0.06875 0.029166666666666667
1 0.18958333333333333 0.5479166666666667 0.03229166666666667 0.017708333333333333
1 0.7239583333333334 0.5489583333333333 0.019791666666666666 0.021875
1 0.6979166666666666 0.5666666666666667 0.05 0.028125
1 0.8 0.5666666666666667 0.04895833333333333 0.04791666666666667
1 0.5666666666666667 0.5708333333333333 0.8041666666666667 0.07083333333333333