1 0.9708333333333333 0.875 0.041666666666666664 0.052083333333333336
1 0.45 0.5677083333333334 0.022916666666666665 0.026041666666666668
1 0.4666666666666667 0.55 0.009375 0.016666666666666666
1 0.478125 0.5041666666666667 0.019791666666666666 0.017708333333333333
1 0.4822916666666667 0.4625 0.0125 0.008333333333333333
1 0.4864583333333333 0.440625 0.010416666666666666 0.007291666666666667
1 0.4875 0.4166666666666667 0.010416666666666666 0.011458333333333333
1 0.765625 0.69375 0.052083333333333336 0.028125
3 0.79375 0.6458333333333334 0.10416666666666667 0.06875
3 0.6697916666666667 0.628125 0.12291666666666666 0.07708333333333334
1 0.965625 0.921875 0.03854166666666667 0.0375
1 0.9416666666666667 0.9010416666666666 0.04375 0.05625
1 0.5145833333333333 0.41770833333333335 0.009375 0.008333333333333333
1 0.4375 0.5854166666666667 0.021875 0.028125
1 0.4822916666666667 0.4739583333333333 0.0125 0.01875
3 0.540625 0.5291666666666667 0.05 0.07708333333333334
1 0.6604166666666667 0.6145833333333334 0.39166666666666666 0.20416666666666666