1 0.4708333333333333 0.184375 0.34479166666666666 0.16041666666666668
1 0.16875 0.3260416666666667 0.24895833333333334 0.5989583333333334
1 0.85625 0.346875 0.284375 0.3572916666666667
1 0.9510416666666667 0.13541666666666666 0.09583333333333334 0.09791666666666667
1 0.8479166666666667 0.11145833333333334 0.11770833333333333 0.10833333333333334
1 0.775 0.10833333333333334 0.036458333333333336 0.06979166666666667
3 0.165625 0.3104166666666667 0.2375 0.521875
1 0.440625 0.07604166666666666 0.05625 0.036458333333333336
1 0.378125 0.09166666666666666 0.21666666666666667 0.06666666666666667
1 0.5208333333333334 0.06770833333333333 0.10625 0.07604166666666666
1 0.40625 0.051041666666666666 0.042708333333333334 0.023958333333333335