1 0.20833333333333334 0.9229166666666667 0.20833333333333334 0.15
1 0.6322916666666667 0.915625 0.14375 0.13333333333333333
1 0.7833333333333333 0.859375 0.052083333333333336 0.04791666666666667
1 0.43645833333333334 0.9208333333333333 0.17916666666666667 0.15729166666666666
1 0.05520833333333333 0.9083333333333333 0.109375 0.13541666666666666
1 0.12604166666666666 0.8979166666666667 0.1 0.11041666666666666
1 0.30625 0.9 0.10625 0.14479166666666668
1 0.17604166666666668 0.8375 0.05520833333333333 0.03229166666666667
1 0.38229166666666664 0.8416666666666667 0.04479166666666667 0.053125
1 0.44479166666666664 0.8364583333333333 0.0375 0.022916666666666665
2 0.3177083333333333 0.9375 0.09791666666666667 0.12083333333333333
1 0.265625 0.8302083333333333 0.040625 0.025
1 0.3541666666666667 0.8333333333333334 0.025 0.025