1 0.38645833333333335 0.8177083333333334 0.16145833333333334 0.14166666666666666
1 0.27708333333333335 0.771875 0.103125 0.13229166666666667
1 0.19375 0.821875 0.13333333333333333 0.14479166666666668
1 0.06770833333333333 0.7052083333333333 0.04479166666666667 0.03854166666666667
1 0.5354166666666667 0.771875 0.11041666666666666 0.09375
1 0.603125 0.7635416666666667 0.078125 0.1125
2 0.5302083333333333 0.8197916666666667 0.04895833333333333 0.084375
1 0.40729166666666666 0.7333333333333333 0.1625 0.184375
1 0.10520833333333333 0.7822916666666667 0.06875 0.11458333333333333
1 0.12708333333333333 0.7052083333333333 0.01875 0.030208333333333334
1 0.0375 0.6947916666666667 0.03229166666666667 0.028125