1 0.9822916666666667 0.4583333333333333 0.03333333333333333 0.31979166666666664
2 0.34375 0.56875 0.25833333333333336 0.646875
2 0.4739583333333333 0.3770833333333333 0.09791666666666667 0.23333333333333334
2 0.840625 0.2635416666666667 0.06770833333333333 0.22604166666666667
2 0.53125 0.29375 0.15833333333333333 0.29375
2 0.74375 0.2864583333333333 0.07708333333333334 0.24791666666666667
2 0.26875 0.6083333333333333 0.3145833333333333 0.6270833333333333
2 0.3625 0.42604166666666665 0.24895833333333334 0.46145833333333336
2 0.490625 0.30104166666666665 0.18958333333333333 0.3104166666666667
2 0.5791666666666667 0.24270833333333333 0.05416666666666667 0.08958333333333333
2 0.18958333333333333 0.6479166666666667 0.37916666666666665 0.6989583333333333
2 0.7916666666666666 0.29270833333333335 0.06875 0.20625
2 0.7635416666666667 0.184375 0.019791666666666666 0.030208333333333334
2 0.275 0.6583333333333333 0.26458333333333334 0.65
2 0.6583333333333333 0.43333333333333335 0.68125 0.5791666666666667