2 0.8177083333333334 0.5395833333333333 0.0125 0.03229166666666667
2 0.39166666666666666 0.253125 0.03333333333333333 0.023958333333333335
2 0.44166666666666665 0.24895833333333334 0.035416666666666666 0.026041666666666668
2 0.6375 0.859375 0.014583333333333334 0.041666666666666664
0 0.7625 0.415625 0.0625 0.11354166666666667
0 0.8322916666666667 0.3260416666666667 0.05416666666666667 0.08958333333333333
0 0.37916666666666665 0.35 0.078125 0.11458333333333333
1 0.4166666666666667 0.5625 0.053125 0.06458333333333334
1 0.3645833333333333 0.5177083333333333 0.046875 0.06041666666666667
1 0.38645833333333335 0.47604166666666664 0.051041666666666666 0.057291666666666664
1 0.5270833333333333 0.6677083333333333 0.03958333333333333 0.05416666666666667
1 0.4395833333333333 0.415625 0.041666666666666664 0.040625
1 0.44895833333333335 0.39375 0.04479166666666667 0.04583333333333333
1 0.46875 0.375 0.03958333333333333 0.04375
1 0.690625 0.6052083333333333 0.053125 0.06979166666666667
1 0.5291666666666667 0.38333333333333336 0.03854166666666667 0.051041666666666666
1 0.35208333333333336 0.7104166666666667 0.05 0.057291666666666664
1 0.765625 0.5864583333333333 0.059375 0.06770833333333333
1 0.4166666666666667 0.43854166666666666 0.042708333333333334 0.04791666666666667
0 0.79375 0.3729166666666667 0.065625 0.10104166666666667
0 0.84375 0.2635416666666667 0.06041666666666667 0.0625
3 0.9614583333333333 0.196875 0.042708333333333334 0.06041666666666667
3 0.928125 0.17291666666666666 0.040625 0.057291666666666664
1 0.4708333333333333 0.75 0.05 0.06979166666666667
3 0.690625 0.3302083333333333 0.04583333333333333 0.058333333333333334
3 0.759375 0.18020833333333333 0.041666666666666664 0.041666666666666664
3 0.04375 0.909375 0.07395833333333333 0.07708333333333334
3 0.4583333333333333 0.49895833333333334 0.046875 0.059375
3 0.6010416666666667 0.25729166666666664 0.08020833333333334 0.057291666666666664
3 0.11979166666666667 0.940625 0.06979166666666667 0.08541666666666667
3 0.2 0.7208333333333333 0.051041666666666666 0.07604166666666666
3 0.7916666666666666 0.36875 0.051041666666666666 0.08854166666666667
1 0.4895833333333333 0.46770833333333334 0.978125 0.7104166666666667