1 0.125 0.21145833333333333 0.12604166666666666 0.08125
1 0.8520833333333333 0.14479166666666668 0.025 0.023958333333333335
1 0.36041666666666666 0.259375 0.3614583333333333 0.27291666666666664
1 0.5489583333333333 0.16145833333333334 0.05 0.059375
1 0.8677083333333333 0.09270833333333334 0.009375 0.011458333333333333
1 0.7947916666666667 0.13854166666666667 0.016666666666666666 0.020833333333333332
3 0.8572916666666667 0.11666666666666667 0.014583333333333334 0.01875
3 0.6822916666666666 0.08229166666666667 0.11145833333333334 0.16354166666666667
1 0.865625 0.12708333333333333 0.014583333333333334 0.022916666666666665
1 0.8479166666666667 0.115625 0.005208333333333333 0.009375
1 0.8635416666666667 0.06979166666666667 0.007291666666666667 0.010416666666666666
3 0.35625 0.25625 0.36041666666666666 0.26875
3 0.7947916666666667 0.1375 0.016666666666666666 0.022916666666666665