1 0.15729166666666666 0.753125 0.07291666666666667 0.08333333333333333
1 0.378125 0.7635416666666667 0.06979166666666667 0.0625
1 0.34270833333333334 0.7510416666666667 0.0625 0.06041666666666667
1 0.31145833333333334 0.7541666666666667 0.023958333333333335 0.04479166666666667
1 0.6885416666666667 0.7791666666666667 0.0625 0.06458333333333334
0 0.5447916666666667 0.7416666666666667 0.24479166666666666 0.25625
3 0.8208333333333333 0.8010416666666667 0.24479166666666666 0.19270833333333334
1 0.075 0.7177083333333333 0.016666666666666666 0.01875
1 0.08541666666666667 0.728125 0.0125 0.029166666666666667
1 0.24270833333333333 0.725 0.029166666666666667 0.015625
1 0.31979166666666664 0.7302083333333333 0.026041666666666668 0.026041666666666668
3 0.027083333333333334 0.7604166666666666 0.053125 0.16354166666666667
3 0.115625 0.7302083333333333 0.057291666666666664 0.07708333333333334