1 0.07916666666666666 0.36354166666666665 0.15833333333333333 0.47708333333333336
1 0.4354166666666667 0.21458333333333332 0.246875 0.19270833333333334
1 0.6666666666666666 0.171875 0.11458333333333333 0.103125
1 0.9541666666666667 0.21770833333333334 0.0875 0.22083333333333333
1 0.5635416666666667 0.18541666666666667 0.10729166666666666 0.07708333333333334
2 0.28020833333333334 0.221875 0.06666666666666667 0.103125
2 0.21041666666666667 0.23333333333333334 0.1 0.09895833333333333
2 0.24375 0.196875 0.041666666666666664 0.051041666666666666
2 0.1625 0.2125 0.05 0.08958333333333333
1 0.7885416666666667 0.22083333333333333 0.2708333333333333 0.20729166666666668
3 0.7916666666666666 0.21458333333333332 0.26666666666666666 0.21145833333333333
3 0.9520833333333333 0.21770833333333334 0.09166666666666666 0.22916666666666666