2 0.5479166666666667 0.5260416666666666 0.5802083333333333 0.5645833333333333
1 0.058333333333333334 0.47604166666666664 0.11666666666666667 0.14791666666666667
1 0.31354166666666666 0.46458333333333335 0.12916666666666668 0.057291666666666664
1 0.15625 0.46145833333333336 0.13229166666666667 0.06875
1 0.9354166666666667 0.45729166666666665 0.12708333333333333 0.06458333333333334
1 0.48854166666666665 0.4552083333333333 0.058333333333333334 0.0375
1 0.8385416666666666 0.440625 0.027083333333333334 0.028125
1 0.7958333333333333 0.45 0.04583333333333333 0.03958333333333333
1 0.7614583333333333 0.45416666666666666 0.021875 0.03333333333333333
1 0.23125 0.453125 0.07916666666666666 0.03958333333333333
1 0.7177083333333333 0.453125 0.07916666666666666 0.04895833333333333
1 0.45729166666666665 0.4625 0.053125 0.05
1 0.425 0.459375 0.06354166666666666 0.065625