1 0.9020833333333333 0.5302083333333333 0.19375 0.31666666666666665
1 0.6489583333333333 0.4583333333333333 0.16145833333333334 0.24895833333333334
1 0.4239583333333333 0.4114583333333333 0.14375 0.259375
1 0.353125 0.36770833333333336 0.053125 0.1125
2 0.765625 0.7770833333333333 0.17395833333333333 0.43333333333333335
2 0.32083333333333336 0.58125 0.06458333333333334 0.22604166666666667
2 0.24479166666666666 0.49166666666666664 0.057291666666666664 0.153125
2 0.42604166666666665 0.5916666666666667 0.08229166666666667 0.26145833333333335
2 0.20729166666666668 0.45729166666666665 0.034375 0.13958333333333334
2 0.17604166666666668 0.4739583333333333 0.0375 0.13125
2 0.5604166666666667 0.5625 0.05520833333333333 0.22291666666666668
1 0.13645833333333332 0.3645833333333333 0.046875 0.07708333333333334
1 0.32395833333333335 0.33645833333333336 0.023958333333333335 0.042708333333333334
1 0.19479166666666667 0.328125 0.021875 0.03125
2 0.5052083333333334 0.5322916666666667 0.06458333333333334 0.20416666666666666