1 0.016666666666666666 0.6104166666666667 0.03229166666666667 0.07916666666666666
1 0.06875 0.5916666666666667 0.090625 0.0875
1 0.16979166666666667 0.578125 0.06979166666666667 0.06145833333333333
1 0.21666666666666667 0.5572916666666666 0.059375 0.078125
1 0.26458333333333334 0.553125 0.040625 0.04791666666666667
1 0.28541666666666665 0.5416666666666666 0.040625 0.053125
1 0.9395833333333333 0.56875 0.11666666666666667 0.06979166666666667
1 0.9635416666666666 0.5927083333333333 0.07083333333333333 0.08854166666666667
1 0.825 0.5385416666666667 0.057291666666666664 0.04375
1 0.4114583333333333 0.5166666666666667 0.022916666666666665 0.028125
1 0.39791666666666664 0.5197916666666667 0.03229166666666667 0.03229166666666667
1 0.8833333333333333 0.5489583333333333 0.06145833333333333 0.06145833333333333
1 0.33541666666666664 0.5375 0.04479166666666667 0.041666666666666664
1 0.45416666666666666 0.528125 0.85 0.10520833333333333