1 0.052083333333333336 0.5791666666666667 0.10416666666666667 0.21354166666666666
0 0.5416666666666666 0.5270833333333333 0.6989583333333333 0.6854166666666667
1 0.9677083333333333 0.5979166666666667 0.06041666666666667 0.09583333333333334
1 0.17708333333333334 0.49375 0.03333333333333333 0.03333333333333333
1 0.14166666666666666 0.48854166666666665 0.026041666666666668 0.03125
1 0.11145833333333334 0.48333333333333334 0.020833333333333332 0.022916666666666665
1 0.06354166666666666 0.4791666666666667 0.016666666666666666 0.01875
1 0.14583333333333334 0.49166666666666664 0.0125 0.023958333333333335
1 0.190625 0.4979166666666667 0.019791666666666666 0.034375
1 0.9072916666666667 0.578125 0.053125 0.09479166666666666
1 0.159375 0.49166666666666664 0.01875 0.03125
1 0.196875 0.503125 0.005208333333333333 0.028125
1 0.125 0.4875 0.017708333333333333 0.022916666666666665