1 0.246875 0.7875 0.33125 0.14583333333333334
1 0.828125 0.7395833333333334 0.06979166666666667 0.059375
1 0.965625 0.765625 0.03854166666666667 0.04895833333333333
1 0.7822916666666667 0.7385416666666667 0.059375 0.04791666666666667
1 0.7302083333333333 0.734375 0.051041666666666666 0.03854166666666667
1 0.575 0.7229166666666667 0.0125 0.022916666666666665
1 0.5510416666666667 0.721875 0.01875 0.014583333333333334
1 0.9125 0.7510416666666667 0.08125 0.06875
1 0.66875 0.7302083333333333 0.053125 0.0375
1 0.6354166666666666 0.7270833333333333 0.034375 0.034375
1 0.14791666666666667 0.7197916666666667 0.017708333333333333 0.015625
1 0.03125 0.7208333333333333 0.03125 0.020833333333333332
1 0.08333333333333333 0.71875 0.03125 0.023958333333333335