1 0.34791666666666665 0.5229166666666667 0.028125 0.025
1 0.05520833333333333 0.53125 0.07291666666666667 0.06979166666666667
1 0.0125 0.5395833333333333 0.023958333333333335 0.06458333333333334
1 0.20104166666666667 0.528125 0.03958333333333333 0.04375
3 0.8291666666666667 0.465625 0.3375 0.4354166666666667
1 0.371875 0.521875 0.023958333333333335 0.023958333333333335
1 0.409375 0.5229166666666667 0.041666666666666664 0.036458333333333336
1 0.16041666666666668 0.525 0.034375 0.03333333333333333
3 0.12083333333333333 0.5302083333333333 0.11458333333333333 0.07708333333333334
3 0.23958333333333334 0.5270833333333333 0.06145833333333333 0.051041666666666666
1 0.31354166666666666 0.5177083333333333 0.051041666666666666 0.04375
1 0.390625 0.5177083333333333 0.016666666666666666 0.021875
1 0.28958333333333336 0.515625 0.009375 0.022916666666666665