1 0.18125 0.5864583333333333 0.20520833333333333 0.10625
1 0.8510416666666667 0.6135416666666667 0.22395833333333334 0.140625
0 0.51875 0.5479166666666667 0.39895833333333336 0.425
1 0.9635416666666666 0.596875 0.07083333333333333 0.05625
0 0.30833333333333335 0.5364583333333334 0.04791666666666667 0.13645833333333332
1 0.734375 0.621875 0.026041666666666668 0.06875
1 0.93125 0.5802083333333333 0.06770833333333333 0.03854166666666667
1 0.9770833333333333 0.6354166666666666 0.04375 0.06770833333333333
0 0.28020833333333334 0.540625 0.0125 0.07395833333333333
3 0.18125 0.5791666666666667 0.20416666666666666 0.11145833333333334
3 0.8510416666666667 0.6145833333333334 0.20520833333333333 0.121875