1 0.22083333333333333 0.41770833333333335 0.125 0.09479166666666666
1 0.03854166666666667 0.4583333333333333 0.07083333333333333 0.134375
2 0.18333333333333332 0.5520833333333334 0.246875 0.240625
2 0.7458333333333333 0.6229166666666667 0.25416666666666665 0.2552083333333333
2 0.3385416666666667 0.521875 0.1375 0.12916666666666668
2 0.91875 0.5916666666666667 0.159375 0.21666666666666667
2 0.590625 0.6052083333333333 0.05416666666666667 0.115625
0 0.021875 0.35104166666666664 0.041666666666666664 0.14583333333333334
3 0.21770833333333334 0.425 0.13541666666666666 0.12083333333333333
2 0.7458333333333333 0.5083333333333333 0.09583333333333334 0.09270833333333334
2 0.8947916666666667 0.4864583333333333 0.09166666666666666 0.075
2 0.7979166666666667 0.5427083333333333 0.12083333333333333 0.12604166666666666
1 0.6552083333333333 0.325 0.017708333333333333 0.017708333333333333
1 0.8635416666666667 0.32395833333333335 0.03229166666666667 0.035416666666666666