2 0.3458333333333333 0.6197916666666666 0.10416666666666667 0.33229166666666665
2 0.17291666666666666 0.6302083333333334 0.16979166666666667 0.3885416666666667
2 0.08125 0.64375 0.09270833333333334 0.28958333333333336
2 0.665625 0.5916666666666667 0.07604166666666666 0.24166666666666667
2 0.9020833333333333 0.571875 0.05416666666666667 0.18645833333333334
2 0.8604166666666667 0.5739583333333333 0.051041666666666666 0.2125
2 0.8177083333333334 0.58125 0.08645833333333333 0.21666666666666667
2 0.5760416666666667 0.6020833333333333 0.12395833333333334 0.28229166666666666
2 0.4166666666666667 0.575 0.035416666666666666 0.10625
2 0.7645833333333333 0.5666666666666667 0.05520833333333333 0.15208333333333332
2 0.7208333333333333 0.5802083333333333 0.046875 0.19479166666666667
2 0.5145833333333333 0.5708333333333333 0.030208333333333334 0.08854166666666667
2 0.6177083333333333 0.6052083333333333 0.03333333333333333 0.11354166666666667