1 0.2875 0.8145833333333333 0.40729166666666666 0.11666666666666667
1 0.27291666666666664 0.6177083333333333 0.057291666666666664 0.07291666666666667
1 0.5041666666666667 0.7239583333333334 0.08229166666666667 0.08125
1 0.44166666666666665 0.68125 0.071875 0.075
1 0.030208333333333334 0.7802083333333333 0.057291666666666664 0.15833333333333333
1 0.5072916666666667 0.6145833333333334 0.06875 0.084375
1 0.35520833333333335 0.640625 0.07083333333333333 0.051041666666666666
1 0.3375 0.590625 0.05416666666666667 0.06041666666666667
1 0.578125 0.7895833333333333 0.12291666666666666 0.165625
1 0.3302083333333333 0.7239583333333334 0.196875 0.12916666666666668
1 0.6520833333333333 0.65625 0.0625 0.08125
1 0.22291666666666668 0.5989583333333334 0.04791666666666667 0.06354166666666666
1 0.496875 0.65 0.0625 0.06666666666666667
1 0.44479166666666664 0.5833333333333334 0.8729166666666667 0.828125