1 0.8666666666666667 0.4239583333333333 0.06875 0.034375
1 0.5760416666666667 0.45416666666666666 0.04791666666666667 0.034375
1 0.9072916666666667 0.39895833333333336 0.053125 0.029166666666666667
1 0.9791666666666666 0.40625 0.0375 0.03333333333333333
1 0.8635416666666667 0.396875 0.041666666666666664 0.023958333333333335
1 0.978125 0.390625 0.040625 0.03958333333333333
1 0.8270833333333333 0.409375 0.0375 0.03125
3 0.7927083333333333 0.446875 0.08541666666666667 0.078125
3 0.725 0.459375 0.0875 0.0625
3 0.7854166666666667 0.40208333333333335 0.04791666666666667 0.020833333333333332
3 0.978125 0.3885416666666667 0.03958333333333333 0.035416666666666666
1 0.91875 0.36770833333333336 0.025 0.020833333333333332