2 0.15416666666666667 0.715625 0.30833333333333335 0.5458333333333333
2 0.325 0.7166666666666667 0.253125 0.5333333333333333
2 0.48125 0.70625 0.23229166666666667 0.425
2 0.5697916666666667 0.70625 0.16041666666666668 0.31875
2 0.6333333333333333 0.6625 0.1625 0.34791666666666665
2 0.71875 0.646875 0.15520833333333334 0.3229166666666667
2 0.784375 0.640625 0.10104166666666667 0.2791666666666667
2 0.83125 0.6302083333333334 0.10520833333333333 0.265625
2 0.8927083333333333 0.646875 0.09791666666666667 0.1875
2 0.8958333333333334 0.6 0.13541666666666666 0.23854166666666668
2 0.9395833333333333 0.5958333333333333 0.07083333333333333 0.21458333333333332
2 0.9666666666666667 0.5947916666666667 0.06458333333333334 0.18333333333333332