1 0.24791666666666667 0.46041666666666664 0.1375 0.11458333333333333
1 0.303125 0.4479166666666667 0.1 0.08645833333333333
1 0.5177083333333333 0.45625 0.190625 0.096875
1 0.703125 0.41875 0.042708333333333334 0.040625
2 0.8322916666666667 0.6625 0.3020833333333333 0.3072916666666667
2 0.5229166666666667 0.6427083333333333 0.23020833333333332 0.24270833333333333
2 0.21041666666666667 0.653125 0.23333333333333334 0.2791666666666667
2 0.46979166666666666 0.47708333333333336 0.07708333333333334 0.08229166666666667
1 0.5645833333333333 0.41875 0.035416666666666666 0.034375
1 0.42916666666666664 0.42083333333333334 0.029166666666666667 0.030208333333333334
1 0.3770833333333333 0.4322916666666667 0.08333333333333333 0.05416666666666667
1 0.425 0.4354166666666667 0.027083333333333334 0.042708333333333334
2 0.646875 0.6 0.19166666666666668 0.18125
2 0.578125 0.46770833333333334 0.040625 0.07708333333333334
1 0.54375 0.41770833333333335 0.059375 0.035416666666666666
1 0.48854166666666665 0.40520833333333334 0.026041666666666668 0.010416666666666666