1 0.946875 0.43333333333333335 0.103125 0.23125
2 0.37604166666666666 0.6197916666666666 0.09375 0.20208333333333334
2 0.13541666666666666 0.6708333333333333 0.10625 0.221875
2 0.4427083333333333 0.59375 0.023958333333333335 0.159375
2 0.5302083333333333 0.6260416666666667 0.09895833333333333 0.24791666666666667
2 0.871875 0.565625 0.09270833333333334 0.15104166666666666
2 0.609375 0.5802083333333333 0.06979166666666667 0.14479166666666668
2 0.20416666666666666 0.6479166666666667 0.09375 0.19583333333333333
2 0.3145833333333333 0.6104166666666667 0.04791666666666667 0.15833333333333333
2 0.47604166666666664 0.6104166666666667 0.059375 0.16354166666666667
2 0.6625 0.553125 0.059375 0.13020833333333334
2 0.796875 0.5239583333333333 0.078125 0.12395833333333334
2 0.051041666666666666 0.6416666666666667 0.08541666666666667 0.30833333333333335