1 0.9114583333333334 0.7645833333333333 0.17291666666666666 0.4666666666666667
1 0.14479166666666668 0.6416666666666667 0.09166666666666666 0.078125
1 0.4666666666666667 0.6239583333333333 0.057291666666666664 0.06979166666666667
1 0.6552083333333333 0.5864583333333333 0.051041666666666666 0.06458333333333334
1 0.8729166666666667 0.5958333333333333 0.05520833333333333 0.057291666666666664
1 0.31979166666666664 0.6291666666666667 0.159375 0.09791666666666667
1 0.48333333333333334 0.6072916666666667 0.078125 0.06458333333333334
0 0.7427083333333333 0.5375 0.06979166666666667 0.128125
1 0.41770833333333335 0.6166666666666667 0.07083333333333333 0.078125
1 0.5322916666666667 0.6135416666666667 0.04479166666666667 0.059375
1 0.9177083333333333 0.659375 0.16041666666666668 0.26875
1 0.052083333333333336 0.74375 0.10416666666666667 0.08333333333333333
1 0.5291666666666667 0.590625 0.051041666666666666 0.03854166666666667
3 0.7822916666666667 0.5833333333333334 0.065625 0.078125
1 0.546875 0.5427083333333333 0.6375 0.15208333333333332