1 0.9875 0.12708333333333333 0.020833333333333332 0.05
1 0.9552083333333333 0.12604166666666666 0.057291666666666664 0.03854166666666667
1 0.9385416666666667 0.11979166666666667 0.06666666666666667 0.03958333333333333
1 0.034375 0.22604166666666667 0.06458333333333334 0.15729166666666666
1 0.8947916666666667 0.11458333333333333 0.06041666666666667 0.041666666666666664
2 0.40625 0.4583333333333333 0.5302083333333333 0.534375
3 0.49375 0.20625 0.6625 0.27395833333333336
1 0.03958333333333333 0.11666666666666667 0.051041666666666666 0.017708333333333333
1 0.0875 0.13958333333333334 0.146875 0.051041666666666666
1 0.971875 0.12916666666666668 0.022916666666666665 0.030208333333333334
2 0.42083333333333334 0.34375 0.23645833333333333 0.18645833333333334
0 0.7833333333333333 0.11458333333333333 0.17291666666666666 0.08541666666666667
1 0.6833333333333333 0.1 0.026041666666666668 0.015625