1 0.85 0.575 0.08229166666666667 0.051041666666666666
1 0.7510416666666667 0.575 0.09583333333333334 0.071875
0 0.4625 0.49895833333333334 0.31145833333333334 0.25625
3 0.11354166666666667 0.5916666666666667 0.09895833333333333 0.075
3 0.036458333333333336 0.5895833333333333 0.07291666666666667 0.06354166666666666
1 0.03229166666666667 0.5895833333333333 0.06458333333333334 0.06979166666666667
1 0.18125 0.5708333333333333 0.036458333333333336 0.05
1 0.09166666666666666 0.5604166666666667 0.051041666666666666 0.035416666666666666
1 0.9927083333333333 0.5822916666666667 0.010416666666666666 0.06666666666666667
1 0.28020833333333334 0.5895833333333333 0.04479166666666667 0.057291666666666664
3 0.22916666666666666 0.5854166666666667 0.08229166666666667 0.06666666666666667