1 0.46041666666666664 0.5114583333333333 0.14375 0.17395833333333333
2 0.271875 0.8239583333333333 0.11354166666666667 0.31979166666666664
2 0.34479166666666666 0.590625 0.0875 0.13020833333333334
1 0.5291666666666667 0.4322916666666667 0.06145833333333333 0.065625
1 0.421875 0.434375 0.07916666666666666 0.084375
3 0.809375 0.5177083333333333 0.21770833333333334 0.28541666666666665
3 0.153125 0.4010416666666667 0.15520833333333334 0.196875
3 0.4895833333333333 0.4041666666666667 0.06354166666666666 0.058333333333333334
1 0.6635416666666667 0.478125 0.15 0.13125
1 0.5927083333333333 0.41875 0.052083333333333336 0.04479166666666667
1 0.37395833333333334 0.41458333333333336 0.03958333333333333 0.04479166666666667
1 0.703125 0.41875 0.07291666666666667 0.03854166666666667
1 0.625 0.43333333333333335 0.08020833333333334 0.059375
0 0.371875 0.38645833333333335 0.04895833333333333 0.06354166666666666
1 0.43020833333333336 0.3885416666666667 0.021875 0.008333333333333333
2 0.2875 0.48125 0.046875 0.030208333333333334