2 0.36041666666666666 0.13333333333333333 0.18333333333333332 0.15520833333333334
2 0.34270833333333334 0.4114583333333333 0.6854166666666667 0.31875
2 0.2708333333333333 0.334375 0.540625 0.4
2 0.28541666666666665 0.22708333333333333 0.21666666666666667 0.08229166666666667
2 0.5239583333333333 0.7625 0.81875 0.45625
2 0.340625 0.6729166666666667 0.68125 0.5291666666666667
2 0.428125 0.06666666666666667 0.058333333333333334 0.07083333333333333
2 0.3572916666666667 0.12083333333333333 0.3854166666666667 0.240625
2 0.6708333333333333 0.8208333333333333 0.6520833333333333 0.353125
2 0.49166666666666664 0.5197916666666667 0.5854166666666667 0.409375
2 0.10104166666666667 0.19583333333333333 0.134375 0.17708333333333334