1 0.234375 0.728125 0.14270833333333333 0.08333333333333333
1 0.921875 0.7677083333333333 0.15208333333333332 0.12291666666666666
1 0.08541666666666667 0.7625 0.16979166666666667 0.14166666666666666
1 0.11666666666666667 0.7 0.06979166666666667 0.034375
1 0.559375 0.7239583333333334 0.04895833333333333 0.06145833333333333
1 0.20416666666666666 0.690625 0.08125 0.030208333333333334
3 0.365625 0.6854166666666667 0.25104166666666666 0.08229166666666667
1 0.45 0.709375 0.08229166666666667 0.053125
3 0.6572916666666667 0.7114583333333333 0.16979166666666667 0.10208333333333333
1 0.3489583333333333 0.6854166666666667 0.22083333333333333 0.07604166666666666
1 0.0375 0.684375 0.06770833333333333 0.014583333333333334