1 0.5708333333333333 0.834375 0.15833333333333333 0.12916666666666668
1 0.7427083333333333 0.84375 0.146875 0.12916666666666668
1 0.6572916666666667 0.828125 0.090625 0.12395833333333334
1 0.23645833333333333 0.9166666666666666 0.36041666666666666 0.1625
1 0.08958333333333333 0.896875 0.17604166666666668 0.203125
1 0.434375 0.8302083333333333 0.06875 0.08541666666666667
1 0.03229166666666667 0.7947916666666667 0.058333333333333334 0.040625
1 0.24791666666666667 0.8114583333333333 0.0625 0.05
1 0.378125 0.809375 0.10416666666666667 0.10520833333333333
1 0.30833333333333335 0.8010416666666667 0.06145833333333333 0.07395833333333333
1 0.09895833333333333 0.7927083333333333 0.06458333333333334 0.028125