3 0.5083333333333333 0.5739583333333333 0.16458333333333333 0.24479166666666666
1 0.37395833333333334 0.5927083333333333 0.103125 0.14791666666666667
1 0.4635416666666667 0.7208333333333333 0.115625 0.153125
1 0.575 0.5166666666666667 0.10833333333333334 0.11875
1 0.8072916666666666 0.6979166666666666 0.11979166666666667 0.15416666666666667
1 0.6916666666666667 0.6114583333333333 0.10416666666666667 0.12395833333333334
1 0.9197916666666667 0.8072916666666666 0.08020833333333334 0.12291666666666666
1 0.934375 0.9427083333333334 0.10520833333333333 0.11354166666666667
1 0.36875 0.36666666666666664 0.059375 0.06041666666666667
1 0.48333333333333334 0.44583333333333336 0.07916666666666666 0.07604166666666666
1 0.4 0.4635416666666667 0.07395833333333333 0.09583333333333334
1 0.7354166666666667 0.9552083333333333 0.14791666666666667 0.084375
1 0.5895833333333333 0.8583333333333333 0.159375 0.20104166666666667
1 0.3145833333333333 0.5135416666666667 0.065625 0.1
1 0.41041666666666665 0.534375 0.37916666666666665 0.35625