1 0.6010416666666667 0.9104166666666667 0.051041666666666666 0.06770833333333333
1 0.48020833333333335 0.9 0.036458333333333336 0.046875
1 0.653125 0.8989583333333333 0.019791666666666666 0.029166666666666667
1 0.6927083333333334 0.89375 0.010416666666666666 0.007291666666666667
1 0.7541666666666667 0.9010416666666666 0.028125 0.03125
1 0.84375 0.9052083333333333 0.034375 0.034375
3 0.36875 0.8739583333333333 0.09479166666666666 0.15416666666666667
3 0.5479166666666667 0.871875 0.04479166666666667 0.08333333333333333
3 0.678125 0.89375 0.017708333333333333 0.030208333333333334
3 0.8864583333333333 0.90625 0.040625 0.05520833333333333
3 0.753125 0.903125 0.03125 0.036458333333333336
3 0.8104166666666667 0.903125 0.03333333333333333 0.042708333333333334
3 0.6 0.8635416666666667 0.03333333333333333 0.023958333333333335
3 0.6489583333333333 0.8635416666666667 0.021875 0.05
1 0.728125 0.8927083333333333 0.009375 0.009375
1 0.7760416666666666 0.8989583333333333 0.016666666666666666 0.021875