1 0.12916666666666668 0.9645833333333333 0.25 0.065625
0 0.5479166666666667 0.815625 0.16354166666666667 0.33229166666666665
3 0.27395833333333336 0.88125 0.07395833333333333 0.10625
3 0.40520833333333334 0.8614583333333333 0.026041666666666668 0.05520833333333333
1 0.4010416666666667 0.875 0.022916666666666665 0.04479166666666667
1 0.43854166666666666 0.88125 0.036458333333333336 0.03333333333333333
1 0.46145833333333336 0.8854166666666666 0.010416666666666666 0.022916666666666665
3 0.321875 0.8822916666666667 0.028125 0.06145833333333333
3 0.225 0.9041666666666667 0.06354166666666666 0.10104166666666667
1 0.32083333333333336 0.88125 0.027083333333333334 0.06145833333333333
1 0.4197916666666667 0.8770833333333333 0.014583333333333334 0.03125
3 0.36770833333333336 0.8697916666666666 0.04479166666666667 0.07708333333333334