3 0.034375 0.43645833333333334 0.057291666666666664 0.028125
1 0.8072916666666666 0.54375 0.059375 0.05
1 0.8833333333333333 0.5447916666666667 0.053125 0.046875
1 0.9625 0.5447916666666667 0.07291666666666667 0.051041666666666666
1 0.56875 0.5416666666666666 0.090625 0.03958333333333333
1 0.5166666666666667 0.5427083333333333 0.041666666666666664 0.035416666666666666
1 0.428125 0.54375 0.03333333333333333 0.027083333333333334
1 0.40625 0.5479166666666667 0.017708333333333333 0.017708333333333333
1 0.3541666666666667 0.5416666666666666 0.03125 0.028125
1 0.28854166666666664 0.5375 0.04375 0.034375
1 0.43645833333333334 0.5447916666666667 0.027083333333333334 0.028125
1 0.6802083333333333 0.5416666666666666 0.058333333333333334 0.042708333333333334
1 0.49375 0.54375 0.034375 0.03229166666666667
1 0.46145833333333336 0.54375 0.040625 0.030208333333333334
1 0.4197916666666667 0.5302083333333333 0.6479166666666667 0.06041666666666667