1 0.553125 0.515625 0.08958333333333333 0.10833333333333334
1 0.2916666666666667 0.6645833333333333 0.17708333333333334 0.22395833333333334
1 0.38125 0.5708333333333333 0.08645833333333333 0.09166666666666666
1 0.5395833333333333 0.47291666666666665 0.05416666666666667 0.052083333333333336
1 0.8489583333333334 0.6385416666666667 0.14479166666666668 0.15729166666666666
1 0.7583333333333333 0.5625 0.103125 0.121875
1 0.43333333333333335 0.49375 0.08020833333333334 0.07708333333333334
1 0.7052083333333333 0.5510416666666667 0.053125 0.08958333333333333
1 0.7885416666666667 0.5989583333333334 0.10625 0.128125
1 0.35 0.6270833333333333 0.08333333333333333 0.153125
1 0.3802083333333333 0.6104166666666667 0.05520833333333333 0.121875
1 0.646875 0.48020833333333335 0.058333333333333334 0.07291666666666667
1 0.371875 0.58125 0.08958333333333333 0.09375
3 0.6479166666666667 0.4791666666666667 0.057291666666666664 0.06458333333333334
3 0.465625 0.45625 0.040625 0.05
1 0.61875 0.5416666666666666 0.534375 0.275