1 0.678125 0.7041666666666667 0.08020833333333334 0.075
1 0.4979166666666667 0.659375 0.03125 0.04583333333333333
1 0.26666666666666666 0.68125 0.065625 0.06770833333333333
1 0.3302083333333333 0.678125 0.05625 0.053125
1 0.8583333333333333 0.8020833333333334 0.278125 0.22916666666666666
2 0.746875 0.7135416666666666 0.022916666666666665 0.046875
2 0.121875 0.6677083333333333 0.03854166666666667 0.027083333333333334
2 0.23541666666666666 0.6541666666666667 0.011458333333333333 0.027083333333333334
2 0.221875 0.6510416666666666 0.01875 0.035416666666666666
2 0.20520833333333333 0.646875 0.020833333333333332 0.035416666666666666
2 0.45 0.6739583333333333 0.011458333333333333 0.022916666666666665
2 0.6364583333333333 0.9541666666666667 0.05416666666666667 0.071875
1 0.596875 0.6510416666666666 0.021875 0.035416666666666666
1 0.9291666666666667 0.6760416666666667 0.058333333333333334 0.03333333333333333
2 0.3729166666666667 0.684375 0.01875 0.023958333333333335
2 0.38645833333333335 0.66875 0.01875 0.017708333333333333
2 0.46979166666666666 0.6614583333333334 0.008333333333333333 0.01875
2 0.46145833333333336 0.6541666666666667 0.007291666666666667 0.019791666666666666
2 0.5739583333333333 0.646875 0.005208333333333333 0.009375
2 0.18541666666666667 0.65 0.022916666666666665 0.03229166666666667
2 0.14375 0.640625 0.0625 0.04375