1 0.6770833333333334 0.5104166666666666 0.017708333333333333 0.011458333333333333
1 0.690625 0.48541666666666666 0.035416666666666666 0.011458333333333333
1 0.6989583333333333 0.5322916666666667 0.016666666666666666 0.015625
1 0.6666666666666666 0.553125 0.021875 0.0125
1 0.6791666666666667 0.5229166666666667 0.015625 0.014583333333333334
1 0.6947916666666667 0.46770833333333334 0.030208333333333334 0.007291666666666667
3 0.7677083333333333 0.6020833333333333 0.10208333333333333 0.03333333333333333
3 0.7604166666666666 0.5760416666666667 0.05416666666666667 0.016666666666666666
1 0.728125 0.5083333333333333 0.01875 0.0125
1 0.7239583333333334 0.58125 0.0625 0.009375
1 0.6416666666666667 0.5989583333333334 0.03854166666666667 0.01875
1 0.671875 0.540625 0.023958333333333335 0.0125