0 0.5770833333333333 0.50625 0.646875 0.640625
1 0.21666666666666667 0.4375 0.05625 0.057291666666666664
1 0.109375 0.425 0.07708333333333334 0.03958333333333333
1 0.08020833333333334 0.41458333333333336 0.08125 0.036458333333333336
1 0.057291666666666664 0.4041666666666667 0.071875 0.026041666666666668
1 0.042708333333333334 0.35104166666666664 0.022916666666666665 0.015625
1 0.08125 0.37395833333333334 0.03229166666666667 0.03958333333333333
1 0.9479166666666666 0.365625 0.03958333333333333 0.025
1 0.9083333333333333 0.35520833333333335 0.03229166666666667 0.0375
1 0.20104166666666667 0.403125 0.04375 0.05625
1 0.041666666666666664 0.37083333333333335 0.028125 0.03229166666666667
1 0.058333333333333334 0.39166666666666666 0.06041666666666667 0.028125
1 0.016666666666666666 0.37604166666666666 0.022916666666666665 0.03229166666666667