0 0.6864583333333333 0.25729166666666664 0.20729166666666668 0.14375
1 0.415625 0.7666666666666667 0.375 0.3020833333333333
1 0.20520833333333333 0.5895833333333333 0.359375 0.28541666666666665
1 0.15208333333333332 0.403125 0.26145833333333335 0.14166666666666666
1 0.5302083333333333 0.26979166666666665 0.11770833333333333 0.07083333333333333
1 0.80625 0.26145833333333335 0.036458333333333336 0.03958333333333333
1 0.8427083333333333 0.25625 0.04479166666666667 0.03958333333333333
1 0.971875 0.2625 0.053125 0.046875
1 0.026041666666666668 0.559375 0.052083333333333336 0.13125
1 0.034375 0.33541666666666664 0.06875 0.1375
1 0.38958333333333334 0.21145833333333333 0.028125 0.03854166666666667
1 0.23541666666666666 0.17708333333333334 0.025 0.0375
1 0.8979166666666667 0.24791666666666667 0.05416666666666667 0.035416666666666666
1 0.4895833333333333 0.25 0.06875 0.041666666666666664
1 0.6104166666666667 0.22916666666666666 0.775 0.24583333333333332