1 0.4875 0.7 0.07083333333333333 0.10104166666666667
1 0.38333333333333336 0.7208333333333333 0.04583333333333333 0.096875
2 0.23958333333333334 0.75625 0.11666666666666667 0.215625
2 0.321875 0.75625 0.071875 0.20104166666666667
2 0.4822916666666667 0.7625 0.20833333333333334 0.3229166666666667
2 0.3697916666666667 0.7479166666666667 0.03333333333333333 0.103125
2 0.09583333333333334 0.7458333333333333 0.13333333333333333 0.27395833333333336
1 0.5697916666666667 0.73125 0.09791666666666667 0.12604166666666666
3 0.6822916666666666 0.71875 0.08333333333333333 0.11875
1 0.7322916666666667 0.73125 0.03854166666666667 0.08645833333333333
1 0.8625 0.6989583333333333 0.03229166666666667 0.0375
1 0.20416666666666666 0.7041666666666667 0.06979166666666667 0.17708333333333334