1 0.6458333333333334 0.6895833333333333 0.3 0.13333333333333333
1 0.23854166666666668 0.6239583333333333 0.12708333333333333 0.090625
1 0.04479166666666667 0.6572916666666667 0.08854166666666667 0.121875
1 0.17916666666666667 0.6447916666666667 0.07916666666666666 0.08020833333333334
1 0.36041666666666666 0.61875 0.08958333333333333 0.06458333333333334
1 0.09270833333333334 0.640625 0.11458333333333333 0.10104166666666667
1 0.971875 0.6770833333333334 0.052083333333333336 0.15416666666666667
1 0.3104166666666667 0.6291666666666667 0.05 0.05520833333333333
1 0.6864583333333333 0.6239583333333333 0.17291666666666666 0.09895833333333333
1 0.41041666666666665 0.6104166666666667 0.04895833333333333 0.05416666666666667
1 0.7135416666666666 0.6020833333333333 0.07291666666666667 0.036458333333333336
1 0.71875 0.603125 0.059375 0.029166666666666667