0 0.48020833333333335 0.5802083333333333 0.346875 0.390625
1 0.10833333333333334 0.5979166666666667 0.10208333333333333 0.07708333333333334
1 0.1 0.5489583333333333 0.059375 0.03333333333333333
1 0.28229166666666666 0.584375 0.04583333333333333 0.04895833333333333
1 0.278125 0.5427083333333333 0.036458333333333336 0.022916666666666665
1 0.18854166666666666 0.5489583333333333 0.04479166666666667 0.03125
1 0.20833333333333334 0.54375 0.03125 0.028125
1 0.14791666666666667 0.5479166666666667 0.04791666666666667 0.03333333333333333
1 0.05416666666666667 0.553125 0.078125 0.040625
1 0.12083333333333333 0.55 0.05625 0.03125
1 0.175 0.5479166666666667 0.03229166666666667 0.029166666666666667
1 0.8927083333333333 0.5427083333333333 0.01875 0.020833333333333332
1 0.22604166666666667 0.54375 0.035416666666666666 0.03229166666666667