1 0.7072916666666667 0.7572916666666667 0.06666666666666667 0.0625
1 0.4791666666666667 0.765625 0.09270833333333334 0.059375
1 0.5833333333333334 0.7572916666666667 0.04583333333333333 0.04375
1 0.5416666666666666 0.75625 0.058333333333333334 0.053125
1 0.6395833333333333 0.7489583333333333 0.03125 0.034375
1 0.61875 0.753125 0.03229166666666667 0.0375
1 0.23958333333333334 0.7239583333333334 0.06666666666666667 0.03333333333333333
1 0.6708333333333333 0.7479166666666667 0.03125 0.034375
1 0.3458333333333333 0.725 0.065625 0.034375
1 0.7458333333333333 0.740625 0.020833333333333332 0.010416666666666666
3 0.7989583333333333 0.7677083333333333 0.08125 0.096875
3 0.19270833333333334 0.7125 0.04791666666666667 0.034375
3 0.4625 0.7322916666666667 0.115625 0.057291666666666664
1 0.5239583333333333 0.7291666666666666 0.020833333333333332 0.0125