1 0.3614583333333333 0.34270833333333334 0.09479166666666666 0.053125
1 0.39791666666666664 0.3333333333333333 0.04479166666666667 0.0375
1 0.6395833333333333 0.29375 0.0625 0.021875
1 0.45208333333333334 0.296875 0.03854166666666667 0.020833333333333332
1 0.39166666666666666 0.31145833333333334 0.06041666666666667 0.026041666666666668
1 0.940625 0.32083333333333336 0.09583333333333334 0.035416666666666666
1 0.43333333333333335 0.303125 0.04583333333333333 0.025
1 0.6104166666666667 0.26666666666666666 0.027083333333333334 0.011458333333333333
1 0.6041666666666666 0.25833333333333336 0.016666666666666666 0.011458333333333333
1 0.596875 0.25104166666666666 0.011458333333333333 0.008333333333333333
1 0.3375 0.3125 0.0375 0.015625
1 0.490625 0.26666666666666666 0.014583333333333334 0.010416666666666666
1 0.5052083333333334 0.25416666666666665 0.021875 0.011458333333333333