1 0.496875 0.446875 0.16875 0.190625
1 0.9010416666666666 0.38645833333333335 0.1 0.153125
1 0.446875 0.34375 0.042708333333333334 0.015625
1 0.13541666666666666 0.5302083333333333 0.11875 0.24479166666666666
2 0.271875 0.878125 0.54375 0.23958333333333334
2 0.75 0.5875 0.12708333333333333 0.30520833333333336
2 0.6072916666666667 0.7375 0.2552083333333333 0.49895833333333334
1 0.49583333333333335 0.328125 0.09791666666666667 0.05625
1 0.4197916666666667 0.3229166666666667 0.026041666666666668 0.03229166666666667
1 0.6614583333333334 0.353125 0.035416666666666666 0.07291666666666667
1 0.7645833333333333 0.39375 0.19270833333333334 0.25
1 0.11145833333333334 0.3729166666666667 0.109375 0.11875
2 0.159375 0.7489583333333333 0.2 0.24583333333333332
2 0.81875 0.44479166666666664 0.046875 0.1375