1 0.6114583333333333 0.7520833333333333 0.128125 0.07083333333333333
1 0.43333333333333335 0.7260416666666667 0.05 0.03333333333333333
1 0.3958333333333333 0.728125 0.025 0.03854166666666667
1 0.3645833333333333 0.7260416666666667 0.046875 0.04375
1 0.6520833333333333 0.7322916666666667 0.046875 0.030208333333333334
1 0.315625 0.709375 0.03229166666666667 0.015625
1 0.2375 0.7260416666666667 0.06770833333333333 0.046875
1 0.6854166666666667 0.7364583333333333 0.022916666666666665 0.03958333333333333
1 0.18125 0.71875 0.007291666666666667 0.013541666666666667
1 0.09791666666666667 0.7041666666666667 0.036458333333333336 0.023958333333333335
1 0.1375 0.709375 0.04375 0.020833333333333332
1 0.334375 0.73125 0.053125 0.041666666666666664
1 0.4395833333333333 0.7125 0.6729166666666667 0.08229166666666667