1 0.2864583333333333 0.14791666666666667 0.13020833333333334 0.05520833333333333
1 0.63125 0.15104166666666666 0.14375 0.06145833333333333
1 0.7229166666666667 0.15416666666666667 0.09375 0.04375
1 0.7791666666666667 0.14479166666666668 0.09479166666666666 0.04791666666666667
1 0.8760416666666667 0.14895833333333333 0.07916666666666666 0.0375
1 0.046875 0.13958333333333334 0.090625 0.057291666666666664
1 0.8854166666666666 0.11875 0.025 0.0125
1 0.8302083333333333 0.11770833333333333 0.03229166666666667 0.016666666666666666
1 0.80625 0.1125 0.021875 0.014583333333333334
3 0.5385416666666667 0.10833333333333334 0.05520833333333333 0.03125
1 0.16458333333333333 0.16354166666666667 0.228125 0.07604166666666666
1 0.39895833333333336 0.15625 0.09583333333333334 0.03125
1 0.9854166666666667 0.11979166666666667 0.014583333333333334 0.016666666666666666
3 0.16458333333333333 0.1625 0.23541666666666666 0.07395833333333333
3 0.07083333333333333 0.10520833333333333 0.14166666666666666 0.05
1 0.5854166666666667 0.11666666666666667 0.03854166666666667 0.016666666666666666
3 0.434375 0.11041666666666666 0.059375 0.030208333333333334