2 0.61875 0.7229166666666667 0.203125 0.4947916666666667
2 0.5166666666666667 0.6864583333333333 0.9552083333333333 0.590625
2 0.31354166666666666 0.60625 0.07604166666666666 0.28229166666666666
2 0.24791666666666667 0.5958333333333333 0.0875 0.24375
2 0.7895833333333333 0.5583333333333333 0.084375 0.30416666666666664
2 0.5177083333333333 0.5583333333333333 0.121875 0.34375
2 0.034375 0.7833333333333333 0.06458333333333334 0.25416666666666665
2 0.109375 0.4947916666666667 0.04583333333333333 0.06979166666666667
2 0.7770833333333333 0.5385416666666667 0.03229166666666667 0.19583333333333333
3 0.9552083333333333 0.18333333333333332 0.08333333333333333 0.10104166666666667
2 0.721875 0.46041666666666664 0.03333333333333333 0.10833333333333334
2 0.9614583333333333 0.4510416666666667 0.07604166666666666 0.26666666666666666
2 0.26979166666666665 0.46979166666666666 0.04479166666666667 0.09479166666666666