1 0.7458333333333333 0.5104166666666666 0.15520833333333334 0.10208333333333333
1 0.5166666666666667 0.5010416666666667 0.07291666666666667 0.06041666666666667
1 0.5635416666666667 0.4947916666666667 0.053125 0.051041666666666666
1 0.4114583333333333 0.4864583333333333 0.027083333333333334 0.034375
1 0.384375 0.4875 0.03958333333333333 0.042708333333333334
3 0.6291666666666667 0.49583333333333335 0.06770833333333333 0.04479166666666667
1 0.59375 0.49375 0.035416666666666666 0.04375
1 0.8947916666666667 0.4895833333333333 0.03229166666666667 0.035416666666666666
1 0.45 0.48541666666666666 0.041666666666666664 0.042708333333333334
1 0.29791666666666666 0.5 0.13541666666666666 0.051041666666666666
1 0.2520833333333333 0.49895833333333334 0.057291666666666664 0.04791666666666667
1 0.19479166666666667 0.48854166666666665 0.026041666666666668 0.03125