1 0.6135416666666667 0.6791666666666667 0.09583333333333334 0.07395833333333333
1 0.7572916666666667 0.63125 0.022916666666666665 0.08333333333333333
1 0.825 0.575 0.03229166666666667 0.040625
1 0.5177083333333333 0.675 0.06354166666666666 0.04479166666666667
1 0.03125 0.7239583333333334 0.06145833333333333 0.06666666666666667
1 0.20625 0.703125 0.06041666666666667 0.057291666666666664
1 0.853125 0.6364583333333333 0.046875 0.06354166666666666
1 0.7375 0.5645833333333333 0.036458333333333336 0.04479166666666667
1 0.6885416666666667 0.6770833333333334 0.034375 0.051041666666666666
1 0.5552083333333333 0.6791666666666667 0.04895833333333333 0.05625
1 0.075 0.7270833333333333 0.023958333333333335 0.041666666666666664
1 0.509375 0.6947916666666667 0.075 0.05625
3 0.7385416666666667 0.5645833333333333 0.03125 0.059375
3 0.7572916666666667 0.6291666666666667 0.021875 0.078125