1 0.9385416666666667 0.575 0.11041666666666666 0.08333333333333333
1 0.80625 0.509375 0.01875 0.03333333333333333
1 0.2916666666666667 0.5375 0.07916666666666666 0.041666666666666664
1 0.475 0.5135416666666667 0.028125 0.027083333333333334
1 0.9791666666666666 0.5979166666666667 0.0375 0.09791666666666667
1 0.5302083333333333 0.5020833333333333 0.020833333333333332 0.020833333333333332
1 0.5520833333333334 0.49583333333333335 0.015625 0.015625
1 0.5770833333333333 0.490625 0.015625 0.017708333333333333
1 0.85625 0.5395833333333333 0.04479166666666667 0.051041666666666666
1 0.840625 0.521875 0.04479166666666667 0.052083333333333336
1 0.5885416666666666 0.490625 0.010416666666666666 0.014583333333333334
1 0.4947916666666667 0.5052083333333334 0.03125 0.028125