1 0.16041666666666668 0.575 0.019791666666666666 0.016666666666666666
1 0.175 0.56875 0.01875 0.025
1 0.20833333333333334 0.5708333333333333 0.041666666666666664 0.029166666666666667
1 0.7041666666666667 0.5697916666666667 0.05625 0.029166666666666667
1 0.28125 0.5729166666666666 0.04479166666666667 0.019791666666666666
1 0.4479166666666667 0.5729166666666666 0.020833333333333332 0.01875
1 0.5885416666666666 0.5729166666666666 0.0375 0.01875
1 0.6166666666666667 0.5739583333333333 0.025 0.013541666666666667
1 0.509375 0.5708333333333333 0.05 0.025
1 0.34791666666666665 0.5645833333333333 0.026041666666666668 0.025
1 0.38958333333333334 0.5635416666666667 0.022916666666666665 0.013541666666666667
1 0.36666666666666664 0.571875 0.009375 0.0125
1 0.47708333333333336 0.5666666666666667 0.03125 0.021875
1 0.5208333333333334 0.5645833333333333 0.8583333333333333 0.04895833333333333