1 0.253125 0.853125 0.07708333333333334 0.10625
1 0.5635416666666667 0.7979166666666667 0.071875 0.10416666666666667
1 0.7645833333333333 0.8416666666666667 0.16354166666666667 0.16979166666666667
1 0.8447916666666667 0.7458333333333333 0.06666666666666667 0.0625
1 0.8583333333333333 0.8375 0.12291666666666666 0.13125
1 0.4791666666666667 0.8572916666666667 0.115625 0.11979166666666667
1 0.6927083333333334 0.7864583333333334 0.06041666666666667 0.10104166666666667
3 0.37916666666666665 0.8041666666666667 0.09791666666666667 0.10833333333333334
1 0.16666666666666666 0.834375 0.12916666666666668 0.090625
1 0.4114583333333333 0.828125 0.08333333333333333 0.051041666666666666
1 0.084375 0.8395833333333333 0.10520833333333333 0.08125
3 0.6885416666666667 0.7885416666666667 0.058333333333333334 0.09583333333333334
3 0.296875 0.84375 0.042708333333333334 0.15520833333333334
3 0.8479166666666667 0.7541666666666667 0.071875 0.08333333333333333
1 0.8875 0.7666666666666667 0.07291666666666667 0.059375
3 0.765625 0.796875 0.15833333333333333 0.07708333333333334