1 0.653125 0.03333333333333333 0.041666666666666664 0.01875
1 0.6083333333333333 0.03229166666666667 0.03333333333333333 0.015625
1 0.7572916666666667 0.03229166666666667 0.026041666666666668 0.015625
1 0.8791666666666667 0.03229166666666667 0.03958333333333333 0.014583333333333334
1 0.7166666666666667 0.03229166666666667 0.03854166666666667 0.017708333333333333
1 0.5072916666666667 0.03333333333333333 0.030208333333333334 0.017708333333333333
1 0.8104166666666667 0.03229166666666667 0.03333333333333333 0.016666666666666666
1 0.4739583333333333 0.035416666666666666 0.034375 0.016666666666666666
1 0.5447916666666667 0.034375 0.03333333333333333 0.017708333333333333
1 0.5770833333333333 0.03333333333333333 0.030208333333333334 0.0125
1 0.34375 0.035416666666666666 0.015625 0.0125
1 0.40625 0.03958333333333333 0.011458333333333333 0.008333333333333333
1 0.6322916666666667 0.03333333333333333 0.01875 0.0125
1 0.8395833333333333 0.027083333333333334 0.24583333333333332 0.029166666666666667