1 0.21666666666666667 0.6708333333333333 0.4083333333333333 0.2760416666666667
1 0.09479166666666666 0.5739583333333333 0.12604166666666666 0.08333333333333333
1 0.44583333333333336 0.6135416666666667 0.1625 0.165625
1 0.5375 0.584375 0.103125 0.125
1 0.6145833333333334 0.525 0.029166666666666667 0.019791666666666666
1 0.590625 0.5229166666666667 0.020833333333333332 0.01875
1 0.678125 0.525 0.025 0.01875
1 0.6541666666666667 0.525 0.03333333333333333 0.020833333333333332
1 0.03229166666666667 0.5854166666666667 0.029166666666666667 0.07916666666666666
1 0.7395833333333334 0.53125 0.06875 0.0375
1 0.7875 0.5333333333333333 0.03229166666666667 0.05520833333333333
1 0.6333333333333333 0.525 0.021875 0.022916666666666665