1 0.559375 0.24375 0.08541666666666667 0.12916666666666668
1 0.6635416666666667 0.259375 0.08541666666666667 0.09166666666666666
1 0.8145833333333333 0.26979166666666665 0.06145833333333333 0.13020833333333334
1 0.7666666666666667 0.2552083333333333 0.11666666666666667 0.134375
1 0.9572916666666667 0.29583333333333334 0.08333333333333333 0.18020833333333333
2 0.46041666666666664 0.26145833333333335 0.023958333333333335 0.07395833333333333
1 0.49895833333333334 0.22604166666666667 0.029166666666666667 0.041666666666666664
1 0.04479166666666667 0.24270833333333333 0.08958333333333333 0.13854166666666667
1 0.08958333333333333 0.253125 0.027083333333333334 0.10729166666666666
1 0.984375 0.328125 0.028125 0.140625
1 0.8895833333333333 0.2989583333333333 0.10625 0.146875
1 0.165625 0.24270833333333333 0.059375 0.06666666666666667
1 0.22604166666666667 0.23229166666666667 0.01875 0.058333333333333334
1 0.2552083333333333 0.221875 0.04479166666666667 0.06458333333333334
1 0.5197916666666667 0.22395833333333334 0.7395833333333334 0.25104166666666666