0 0.15833333333333333 0.5395833333333333 0.125 0.165625
0 0.39791666666666664 0.7072916666666667 0.084375 0.215625
1 0.65625 0.3541666666666667 0.06041666666666667 0.05520833333333333
3 0.653125 0.6239583333333333 0.4791666666666667 0.596875
1 0.940625 0.390625 0.115625 0.12291666666666666
1 0.8822916666666667 0.46041666666666664 0.08020833333333334 0.08645833333333333
1 0.9635416666666666 0.5739583333333333 0.06875 0.06458333333333334
1 0.030208333333333334 0.38645833333333335 0.06041666666666667 0.04375
1 0.7166666666666667 0.3489583333333333 0.06041666666666667 0.019791666666666666
1 0.834375 0.35 0.07395833333333333 0.052083333333333336
1 0.9802083333333333 0.6125 0.035416666666666666 0.03333333333333333
1 0.753125 0.38645833333333335 0.17604166666666668 0.06145833333333333
1 0.6208333333333333 0.3302083333333333 0.103125 0.034375
1 0.853125 0.39375 0.059375 0.046875