1 0.8208333333333333 0.32916666666666666 0.052083333333333336 0.040625
1 0.28020833333333334 0.36770833333333336 0.065625 0.051041666666666666
1 0.14166666666666666 0.37395833333333334 0.05 0.06354166666666666
1 0.33541666666666664 0.3541666666666667 0.07604166666666666 0.06875
1 0.39479166666666665 0.359375 0.057291666666666664 0.052083333333333336
1 0.43020833333333336 0.35104166666666664 0.07291666666666667 0.058333333333333334
1 0.9666666666666667 0.321875 0.057291666666666664 0.026041666666666668
1 0.3625 0.3104166666666667 0.041666666666666664 0.021875
1 0.5645833333333333 0.33645833333333336 0.09791666666666667 0.06145833333333333
1 0.034375 0.390625 0.06875 0.05625
1 0.42916666666666664 0.30520833333333336 0.036458333333333336 0.022916666666666665
1 0.64375 0.34479166666666666 0.015625 0.034375
1 0.2635416666666667 0.3145833333333333 0.035416666666666666 0.026041666666666668