1 0.840625 0.434375 0.2916666666666667 0.11875
1 0.05416666666666667 0.384375 0.10729166666666666 0.10625
1 0.20416666666666666 0.37083333333333335 0.07291666666666667 0.03333333333333333
1 0.24791666666666667 0.36354166666666665 0.04791666666666667 0.027083333333333334
1 0.11458333333333333 0.3697916666666667 0.035416666666666666 0.027083333333333334
1 0.5416666666666666 0.353125 0.065625 0.027083333333333334
1 0.4166666666666667 0.35833333333333334 0.01875 0.016666666666666666
1 0.884375 0.36666666666666664 0.07083333333333333 0.025
1 0.9458333333333333 0.365625 0.052083333333333336 0.027083333333333334
1 0.9708333333333333 0.3645833333333333 0.034375 0.025
1 0.31354166666666666 0.365625 0.03125 0.03229166666666667
1 0.16354166666666667 0.365625 0.03229166666666667 0.03125
3 0.052083333333333336 0.38333333333333336 0.10416666666666667 0.1
1 0.2791666666666667 0.36041666666666666 0.022916666666666665 0.0125