3 0.5 0.5020833333333333 0.9979166666666667 0.959375
1 0.09166666666666666 0.471875 0.18333333333333332 0.33125
1 0.9666666666666667 0.5020833333333333 0.06458333333333334 0.19375
1 0.15416666666666667 0.28541666666666665 0.08541666666666667 0.09479166666666666
3 0.9020833333333333 0.18020833333333333 0.046875 0.13229166666666667
3 0.8625 0.31354166666666666 0.052083333333333336 0.17916666666666667
1 0.9739583333333334 0.3302083333333333 0.04791666666666667 0.15729166666666666
1 0.9802083333333333 0.22291666666666668 0.035416666666666666 0.07395833333333333
1 0.98125 0.15208333333333332 0.036458333333333336 0.071875
1 0.9854166666666667 0.08854166666666667 0.025 0.06458333333333334
1 0.9552083333333333 0.42291666666666666 0.07708333333333334 0.203125
1 0.8979166666666667 0.021875 0.027083333333333334 0.03958333333333333
1 0.9135416666666667 0.140625 0.04375 0.1125
1 0.915625 0.10729166666666666 0.052083333333333336 0.12395833333333334
1 0.8645833333333334 0.359375 0.035416666666666666 0.16458333333333333
1 0.4822916666666667 0.18645833333333334 0.9645833333333333 0.371875