1 0.9604166666666667 0.95625 0.075 0.08333333333333333
1 0.46458333333333335 0.8385416666666666 0.11145833333333334 0.075
1 0.39375 0.7958333333333333 0.041666666666666664 0.046875
1 0.36354166666666665 0.7583333333333333 0.026041666666666668 0.027083333333333334
1 0.44895833333333335 0.7520833333333333 0.025 0.026041666666666668
1 0.6083333333333333 0.8635416666666667 0.103125 0.09791666666666667
1 0.41770833333333335 0.7614583333333333 0.025 0.027083333333333334
1 0.3125 0.7864583333333334 0.0375 0.04791666666666667
1 0.40625 0.7833333333333333 0.035416666666666666 0.03958333333333333
1 0.4083333333333333 0.7510416666666667 0.022916666666666665 0.020833333333333332
1 0.43854166666666666 0.728125 0.016666666666666666 0.023958333333333335
1 0.4010416666666667 0.7020833333333333 0.016666666666666666 0.008333333333333333
1 0.421875 0.7114583333333333 0.013541666666666667 0.016666666666666666
1 0.4239583333333333 0.7166666666666667 0.06458333333333334 0.09583333333333334