1 0.8229166666666666 0.54375 0.0375 0.026041666666666668
1 0.815625 0.521875 0.034375 0.019791666666666666
1 0.8416666666666667 0.521875 0.025 0.023958333333333335
1 0.7895833333333333 0.5333333333333333 0.03333333333333333 0.020833333333333332
0 0.7708333333333334 0.571875 0.12708333333333333 0.125
0 0.5 0.5875 0.08645833333333333 0.11979166666666667
0 0.42083333333333334 0.5989583333333334 0.06875 0.11979166666666667
0 0.6729166666666667 0.5895833333333333 0.10729166666666666 0.121875
0 0.15520833333333334 0.59375 0.065625 0.125
0 0.06458333333333334 0.5979166666666667 0.07083333333333333 0.13854166666666667
0 0.5739583333333333 0.5875 0.08229166666666667 0.12291666666666666
0 0.509375 0.5260416666666666 0.05416666666666667 0.058333333333333334
0 0.9041666666666667 0.48020833333333335 0.12083333333333333 0.0375
0 0.23645833333333333 0.5958333333333333 0.065625 0.121875
0 0.321875 0.609375 0.041666666666666664 0.07604166666666666
1 0.98125 0.6 0.03333333333333333 0.03333333333333333
1 0.934375 0.578125 0.07395833333333333 0.03333333333333333
1 0.88125 0.5177083333333333 0.03333333333333333 0.011458333333333333
1 0.7864583333333334 0.5197916666666667 0.040625 0.025
0 0.44583333333333336 0.5364583333333334 0.04375 0.07916666666666666