2 0.30625 0.8479166666666667 0.04375 0.08541666666666667
3 0.8354166666666667 0.5083333333333333 0.17604166666666668 0.3
3 0.33229166666666665 0.55625 0.09479166666666666 0.15416666666666667
3 0.025 0.54375 0.05 0.17291666666666666
1 0.546875 0.85 0.13854166666666667 0.18229166666666666
1 0.32916666666666666 0.6979166666666666 0.1125 0.14583333333333334
1 0.4270833333333333 0.6114583333333333 0.10625 0.15416666666666667
1 0.6229166666666667 0.5833333333333334 0.03229166666666667 0.09166666666666666
1 0.7 0.578125 0.07708333333333334 0.109375
1 0.728125 0.5958333333333333 0.03958333333333333 0.090625
1 0.915625 0.6645833333333333 0.11041666666666666 0.18854166666666666
1 0.5895833333333333 0.5208333333333334 0.04791666666666667 0.07395833333333333
1 0.9875 0.7760416666666666 0.021875 0.21354166666666666
1 0.03854166666666667 0.9125 0.07708333333333334 0.15
1 0.6333333333333333 0.21875 0.040625 0.03333333333333333
1 0.6760416666666667 0.21666666666666667 0.046875 0.034375
1 0.571875 0.4864583333333333 0.04791666666666667 0.052083333333333336
1 0.5083333333333333 0.29270833333333335 0.128125 0.31354166666666666