1 0.9416666666666667 0.190625 0.10729166666666666 0.09895833333333333
1 0.890625 0.190625 0.17395833333333333 0.07916666666666666
1 0.8083333333333333 0.17916666666666667 0.328125 0.1375
1 0.596875 0.20729166666666668 0.240625 0.09583333333333334
1 0.45416666666666666 0.21666666666666667 0.24375 0.09583333333333334
1 0.40208333333333335 0.20625 0.26979166666666665 0.11770833333333333
1 0.27395833333333336 0.21875 0.13229166666666667 0.0625
1 0.04479166666666667 0.225 0.08541666666666667 0.11770833333333333
2 0.47708333333333336 0.5541666666666667 0.21145833333333333 0.5052083333333334
2 0.8104166666666667 0.6645833333333333 0.375 0.665625
2 0.6375 0.4375 0.16145833333333334 0.37083333333333335
2 0.971875 0.5052083333333334 0.05520833333333333 0.3072916666666667
2 0.16145833333333334 0.684375 0.32083333333333336 0.6010416666666667
2 0.2552083333333333 0.4270833333333333 0.12708333333333333 0.353125
2 0.7479166666666667 0.3 0.065625 0.07604166666666666
3 0.15416666666666667 0.21979166666666666 0.303125 0.14479166666666668