3 0.4864583333333333 0.671875 0.025 0.019791666666666666
3 0.45416666666666666 0.6572916666666667 0.025 0.017708333333333333
1 0.4322916666666667 0.8697916666666666 0.009375 0.029166666666666667
1 0.540625 0.9052083333333333 0.020833333333333332 0.034375
1 0.5989583333333334 0.9 0.01875 0.03125
1 0.6302083333333334 0.9208333333333333 0.022916666666666665 0.040625
1 0.8927083333333333 0.609375 0.015625 0.013541666666666667
1 0.9385416666666667 0.7135416666666666 0.023958333333333335 0.014583333333333334
1 0.11875 0.8791666666666667 0.041666666666666664 0.021875
1 0.3333333333333333 0.878125 0.014583333333333334 0.03229166666666667
1 0.10104166666666667 0.9354166666666667 0.035416666666666666 0.022916666666666665
1 0.2375 0.890625 0.020833333333333332 0.0375
1 0.48541666666666666 0.8572916666666667 0.019791666666666666 0.029166666666666667
1 0.29375 0.9458333333333333 0.01875 0.03854166666666667
1 0.37916666666666665 0.9291666666666667 0.020833333333333332 0.03333333333333333
1 0.5 0.725 0.996875 0.5447916666666667