1 0.8916666666666667 0.5427083333333333 0.21458333333333332 0.23541666666666666
1 0.45625 0.3385416666666667 0.08333333333333333 0.11770833333333333
1 0.771875 0.3489583333333333 0.1625 0.13854166666666667
1 0.9489583333333333 0.39166666666666666 0.09791666666666667 0.125
0 0.221875 0.19375 0.06041666666666667 0.10729166666666666
1 0.6427083333333333 0.28229166666666666 0.09895833333333333 0.07291666666666667
1 0.70625 0.265625 0.06875 0.058333333333333334
3 0.12916666666666668 0.4583333333333333 0.24583333333333332 0.490625
3 0.34375 0.34270833333333334 0.184375 0.3177083333333333
3 0.6864583333333333 0.16041666666666668 0.084375 0.0375
3 0.509375 0.2708333333333333 0.10833333333333334 0.12708333333333333
1 0.5708333333333333 0.259375 0.07083333333333333 0.07916666666666666
1 0.5635416666666667 0.22083333333333333 0.06979166666666667 0.04791666666666667
1 0.4125 0.22708333333333333 0.035416666666666666 0.052083333333333336
3 0.6770833333333334 0.39791666666666664 0.184375 0.18854166666666666
3 0.10833333333333334 0.23333333333333334 0.15416666666666667 0.21770833333333334
3 0.63125 0.2 0.04479166666666667 0.04895833333333333
3 0.9510416666666667 0.20729166666666668 0.09583333333333334 0.08125
1 0.7708333333333334 0.28854166666666664 0.10520833333333333 0.075
3 0.25625 0.15625 0.03958333333333333 0.059375
1 0.6322916666666667 0.20104166666666667 0.04895833333333333 0.05416666666666667
3 0.7729166666666667 0.3489583333333333 0.15729166666666666 0.13229166666666667
1 0.6166666666666667 0.23958333333333334 0.6625 0.18333333333333332