1 0.6697916666666667 0.7302083333333333 0.17604166666666668 0.21145833333333333
1 0.5791666666666667 0.6572916666666667 0.090625 0.14479166666666668
1 0.5791666666666667 0.690625 0.06666666666666667 0.13541666666666666
1 0.5572916666666666 0.6333333333333333 0.08958333333333333 0.14270833333333333
1 0.9125 0.7291666666666666 0.16770833333333332 0.20520833333333333
1 0.39479166666666665 0.7072916666666667 0.17291666666666666 0.18125
1 0.534375 0.66875 0.6729166666666667 0.18333333333333332
1 0.71875 0.6177083333333333 0.052083333333333336 0.0375
1 0.6802083333333333 0.609375 0.04791666666666667 0.0375
1 0.07291666666666667 0.675 0.14479166666666668 0.134375
1 0.15520833333333334 0.6364583333333333 0.11666666666666667 0.13645833333333332
1 0.43333333333333335 0.6427083333333333 0.10416666666666667 0.09479166666666666