1 0.125 0.525 0.15833333333333333 0.08020833333333334
1 0.8708333333333333 0.5145833333333333 0.05 0.046875
1 0.9052083333333333 0.478125 0.01875 0.026041666666666668
1 0.85625 0.4708333333333333 0.013541666666666667 0.015625
1 0.8145833333333333 0.4739583333333333 0.014583333333333334 0.015625
1 0.840625 0.446875 0.011458333333333333 0.0125
1 0.24166666666666667 0.584375 0.03229166666666667 0.07708333333333334
1 0.013541666666666667 0.5510416666666667 0.022916666666666665 0.06458333333333334
0 0.5229166666666667 0.48541666666666666 0.5416666666666666 0.428125
1 0.79375 0.48020833333333335 0.011458333333333333 0.020833333333333332
1 0.8260416666666667 0.4666666666666667 0.013541666666666667 0.017708333333333333
1 0.853125 0.4510416666666667 0.010416666666666666 0.0125
1 0.8958333333333334 0.43854166666666666 0.008333333333333333 0.010416666666666666
1 0.8479166666666667 0.4635416666666667 0.014583333333333334 0.015625
1 0.8604166666666667 0.440625 0.1375 0.08541666666666667