1 0.084375 0.78125 0.06875 0.08125
1 0.14270833333333333 0.7697916666666667 0.026041666666666668 0.058333333333333334
1 0.6072916666666667 0.759375 0.027083333333333334 0.023958333333333335
1 0.6625 0.75 0.030208333333333334 0.030208333333333334
1 0.10729166666666666 0.7635416666666667 0.06145833333333333 0.08125
1 0.17708333333333334 0.7708333333333334 0.04375 0.034375
1 0.26875 0.75625 0.007291666666666667 0.016666666666666666
1 0.027083333333333334 0.775 0.053125 0.12083333333333333
1 0.253125 0.7645833333333333 0.015625 0.029166666666666667
1 0.7614583333333333 0.7395833333333334 0.011458333333333333 0.008333333333333333
3 0.203125 0.7645833333333333 0.06354166666666666 0.04479166666666667
3 0.71875 0.7458333333333333 0.04479166666666667 0.035416666666666666
1 0.78125 0.7354166666666667 0.011458333333333333 0.015625