1 0.37916666666666665 0.24895833333333334 0.05 0.046875
1 0.36770833333333336 0.12395833333333334 0.041666666666666664 0.0375
1 0.34270833333333334 0.11145833333333334 0.030208333333333334 0.040625
1 0.31145833333333334 0.090625 0.03958333333333333 0.03854166666666667
1 0.2375 0.04375 0.0375 0.036458333333333336
1 0.4739583333333333 0.2760416666666667 0.03958333333333333 0.051041666666666666
1 0.43020833333333336 0.2916666666666667 0.03958333333333333 0.046875
1 0.5 0.25416666666666665 0.03854166666666667 0.04791666666666667
1 0.21354166666666666 0.03125 0.03333333333333333 0.034375
1 0.425 0.240625 0.04791666666666667 0.05416666666666667
1 0.3375 0.21458333333333332 0.042708333333333334 0.04583333333333333
1 0.7072916666666667 0.6177083333333333 0.06770833333333333 0.07291666666666667
1 0.7427083333333333 0.7395833333333334 0.06041666666666667 0.075
1 0.5072916666666667 0.7375 0.9833333333333333 0.4083333333333333