1 0.23333333333333334 0.25729166666666664 0.036458333333333336 0.03229166666666667
1 0.18125 0.24895833333333334 0.01875 0.01875
1 0.146875 0.24791666666666667 0.019791666666666666 0.015625
3 0.23229166666666667 0.25833333333333336 0.036458333333333336 0.03125
1 0.465625 0.271875 0.029166666666666667 0.014583333333333334
1 0.490625 0.26875 0.022916666666666665 0.014583333333333334
1 0.55625 0.2708333333333333 0.040625 0.023958333333333335
1 0.11875 0.24270833333333333 0.011458333333333333 0.014583333333333334
1 0.8177083333333334 0.30416666666666664 0.06041666666666667 0.08229166666666667
1 0.6260416666666667 0.2760416666666667 0.036458333333333336 0.011458333333333333
1 0.6020833333333333 0.29270833333333335 0.03333333333333333 0.05416666666666667
3 0.18125 0.24791666666666667 0.020833333333333332 0.017708333333333333