1 0.90625 0.753125 0.184375 0.12708333333333333
1 0.725 0.690625 0.0625 0.06770833333333333
1 0.603125 0.6895833333333333 0.11979166666666667 0.10104166666666667
2 0.6697916666666667 0.765625 0.11041666666666666 0.11458333333333333
2 0.7739583333333333 0.7604166666666666 0.11041666666666666 0.11770833333333333
2 0.46979166666666666 0.7260416666666667 0.025 0.05625
2 0.496875 0.7135416666666666 0.03125 0.06458333333333334
2 0.5447916666666667 0.7520833333333333 0.04375 0.084375
3 0.60625 0.6885416666666667 0.12291666666666666 0.10416666666666667
2 0.5822916666666667 0.7458333333333333 0.041666666666666664 0.09375
2 0.665625 0.7260416666666667 0.03229166666666667 0.0375
2 0.7822916666666667 0.7145833333333333 0.030208333333333334 0.04479166666666667
2 0.4083333333333333 0.7177083333333333 0.027083333333333334 0.05416666666666667