3 0.440625 0.75625 0.30104166666666665 0.15
1 0.9645833333333333 0.8239583333333333 0.06875 0.34791666666666665
1 0.840625 0.8197916666666667 0.259375 0.31354166666666666
1 0.47291666666666665 0.7739583333333333 0.14375 0.171875
1 0.6572916666666667 0.7739583333333333 0.07604166666666666 0.17083333333333334
1 0.6697916666666667 0.7572916666666667 0.11770833333333333 0.16979166666666667
1 0.190625 0.734375 0.08020833333333334 0.08958333333333333
1 0.21979166666666666 0.690625 0.078125 0.10833333333333334
1 0.44375 0.5385416666666667 0.03958333333333333 0.04895833333333333
1 0.309375 0.7114583333333333 0.075 0.10833333333333334
1 0.334375 0.675 0.06354166666666666 0.084375
1 0.34791666666666665 0.6427083333333333 0.04791666666666667 0.08229166666666667
1 0.5291666666666667 0.5135416666666667 0.035416666666666666 0.042708333333333334
1 0.7020833333333333 0.79375 0.12708333333333333 0.22395833333333334
1 0.44375 0.6375 0.284375 0.38229166666666664