1 0.765625 0.525 0.10104166666666667 0.06770833333333333
1 0.81875 0.5822916666666667 0.07916666666666666 0.06770833333333333
1 0.9614583333333333 0.47604166666666664 0.07291666666666667 0.08541666666666667
1 0.013541666666666667 0.30416666666666664 0.025 0.027083333333333334
1 0.021875 0.29375 0.036458333333333336 0.016666666666666666
1 0.0375 0.290625 0.040625 0.025
3 0.10520833333333333 0.53125 0.140625 0.22708333333333333
3 0.20625 0.28229166666666666 0.04791666666666667 0.08229166666666667
3 0.146875 0.278125 0.042708333333333334 0.021875
1 0.9760416666666667 0.328125 0.040625 0.04791666666666667
1 0.12291666666666666 0.3125 0.046875 0.05