1 0.4041666666666667 0.46770833333333334 0.15833333333333333 0.12708333333333333
1 0.51875 0.4666666666666667 0.07708333333333334 0.06041666666666667
1 0.24375 0.48541666666666666 0.15 0.13958333333333334
1 0.5552083333333333 0.4552083333333333 0.022916666666666665 0.036458333333333336
1 0.6489583333333333 0.46041666666666664 0.028125 0.0375
1 0.7958333333333333 0.45208333333333334 0.015625 0.015625
2 0.17291666666666666 0.5739583333333333 0.17291666666666666 0.240625
2 0.6197916666666666 0.4875 0.03958333333333333 0.090625
2 0.5666666666666667 0.48333333333333334 0.0375 0.08541666666666667
2 0.6916666666666667 0.471875 0.020833333333333332 0.05
1 0.725 0.4479166666666667 0.014583333333333334 0.01875
1 0.8229166666666666 0.44895833333333335 0.020833333333333332 0.013541666666666667
2 0.7135416666666666 0.4625 0.011458333333333333 0.025
2 0.7572916666666667 0.46458333333333335 0.010416666666666666 0.020833333333333332
2 0.7385416666666667 0.465625 0.011458333333333333 0.025
3 0.40625 0.46875 0.16458333333333333 0.13333333333333333
1 0.7447916666666666 0.4427083333333333 0.009375 0.011458333333333333
1 0.7875 0.44479166666666664 0.010416666666666666 0.020833333333333332