0 0.7041666666666667 0.18958333333333333 0.275 0.11458333333333333
1 0.10833333333333334 0.7489583333333333 0.16458333333333333 0.215625
1 0.05520833333333333 0.5541666666666667 0.11041666666666666 0.171875
1 0.26145833333333335 0.4666666666666667 0.09583333333333334 0.121875
1 0.007291666666666667 0.31666666666666665 0.014583333333333334 0.06354166666666666
1 0.21875 0.3125 0.08854166666666667 0.09791666666666667
1 0.09375 0.303125 0.10625 0.109375
1 0.5802083333333333 0.378125 0.09791666666666667 0.10208333333333333
1 0.7927083333333333 0.45208333333333334 0.13541666666666666 0.16145833333333334
1 0.6666666666666666 0.30416666666666664 0.07395833333333333 0.09479166666666666
1 0.3302083333333333 0.5666666666666667 0.103125 0.14479166666666668
1 0.334375 0.3541666666666667 0.1 0.12916666666666668
1 0.709375 0.36875 0.10416666666666667 0.11979166666666667
1 0.04791666666666667 0.4 0.09166666666666666 0.11979166666666667
1 0.503125 0.525 0.990625 0.55625