2 0.896875 0.7833333333333333 0.12604166666666666 0.16875
2 0.7697916666666667 0.7645833333333333 0.11875 0.13645833333333332
2 0.6625 0.7364583333333333 0.10625 0.171875
2 0.5583333333333333 0.7489583333333333 0.11458333333333333 0.12083333333333333
2 0.47708333333333336 0.7364583333333333 0.08333333333333333 0.11041666666666666
2 0.39166666666666666 0.7270833333333333 0.10833333333333334 0.10729166666666666
2 0.3260416666666667 0.7208333333333333 0.08333333333333333 0.096875
2 0.30520833333333336 0.6958333333333333 0.10833333333333334 0.10625
2 0.07291666666666667 0.6729166666666667 0.07604166666666666 0.08229166666666667
2 0.25104166666666666 0.6864583333333333 0.052083333333333336 0.11041666666666666
2 0.109375 0.6854166666666667 0.04583333333333333 0.065625
2 0.12395833333333334 0.6979166666666666 0.026041666666666668 0.05