1 0.035416666666666666 0.5104166666666666 0.07083333333333333 0.3958333333333333
1 0.08541666666666667 0.55 0.09583333333333334 0.328125
1 0.328125 0.5822916666666667 0.140625 0.12395833333333334
1 0.12291666666666666 0.5520833333333334 0.15104166666666666 0.31979166666666664
1 0.2947916666666667 0.6375 0.09895833333333333 0.14583333333333334
1 0.9395833333333333 0.6125 0.11875 0.253125
1 0.884375 0.628125 0.06875 0.20729166666666668
1 0.8270833333333333 0.6479166666666667 0.096875 0.16145833333333334
1 0.7885416666666667 0.6395833333333333 0.14375 0.14895833333333333
1 0.6260416666666667 0.5604166666666667 0.121875 0.10208333333333333
1 0.671875 0.609375 0.121875 0.13541666666666666
1 0.20520833333333333 0.5708333333333333 0.12708333333333333 0.28020833333333334
1 0.3104166666666667 0.5270833333333333 0.08645833333333333 0.03958333333333333
1 0.7708333333333334 0.6052083333333333 0.45416666666666666 0.26145833333333335