2 0.6645833333333333 0.478125 0.5322916666666667 0.4083333333333333
1 0.9145833333333333 0.29375 0.16666666666666666 0.15
1 0.7666666666666667 0.26666666666666666 0.1 0.08854166666666667
1 0.6916666666666667 0.24895833333333334 0.09166666666666666 0.078125
1 0.15416666666666667 0.315625 0.23125 0.23020833333333332
1 0.8739583333333333 0.21145833333333333 0.12604166666666666 0.04479166666666667
1 0.253125 0.27395833333333336 0.10208333333333333 0.14583333333333334
1 0.315625 0.21875 0.04479166666666667 0.05
1 0.5854166666666667 0.23020833333333332 0.035416666666666666 0.04375
1 0.6270833333333333 0.23020833333333332 0.07083333333333333 0.075
1 0.8322916666666667 0.2864583333333333 0.10104166666666667 0.12083333333333333
1 0.36666666666666664 0.19791666666666666 0.06458333333333334 0.035416666666666666
1 0.46875 0.20104166666666667 0.03958333333333333 0.035416666666666666
1 0.33229166666666665 0.21145833333333333 0.0375 0.04479166666666667
1 0.46875 0.22291666666666668 0.559375 0.1125