1 0.228125 0.8677083333333333 0.0625 0.090625
1 0.16666666666666666 0.8260416666666667 0.021875 0.030208333333333334
1 0.07604166666666666 0.8291666666666667 0.059375 0.05416666666666667
1 0.19791666666666666 0.8229166666666666 0.017708333333333333 0.022916666666666665
1 0.21354166666666666 0.821875 0.020833333333333332 0.020833333333333332
1 0.234375 0.8177083333333334 0.009375 0.009375
1 0.246875 0.8166666666666667 0.017708333333333333 0.010416666666666666
1 0.12395833333333334 0.8239583333333333 0.04791666666666667 0.04791666666666667
1 0.15208333333333332 0.828125 0.015625 0.035416666666666666
1 0.184375 0.825 0.021875 0.026041666666666668
1 0.22083333333333333 0.8166666666666667 0.020833333333333332 0.023958333333333335