1 0.4822916666666667 0.9166666666666666 0.23333333333333334 0.1625
1 0.23645833333333333 0.925 0.35208333333333336 0.14583333333333334
1 0.7479166666666667 0.9229166666666667 0.21979166666666666 0.12708333333333333
0 0.228125 0.8239583333333333 0.17083333333333334 0.06979166666666667
3 0.5645833333333333 0.8395833333333333 0.07916666666666666 0.05625
1 0.8739583333333333 0.9364583333333333 0.09166666666666666 0.12291666666666666
1 0.6052083333333333 0.9229166666666667 0.096875 0.13125
1 0.021875 0.8635416666666667 0.04375 0.09270833333333334
1 0.34375 0.8885416666666667 0.09583333333333334 0.07604166666666666
1 0.9135416666666667 0.9270833333333334 0.035416666666666666 0.06145833333333333
1 0.9739583333333334 0.93125 0.04895833333333333 0.07395833333333333
1 0.11041666666666666 0.8875 0.10729166666666666 0.06145833333333333
1 0.05 0.95 0.1 0.09583333333333334