2 0.590625 0.5895833333333333 0.12708333333333333 0.14166666666666666
2 0.19583333333333333 0.578125 0.19583333333333333 0.23854166666666668
2 0.73125 0.5697916666666667 0.051041666666666666 0.134375
2 0.03854166666666667 0.584375 0.06458333333333334 0.125
2 0.415625 0.5697916666666667 0.146875 0.203125
2 0.8239583333333333 0.55 0.06041666666666667 0.12708333333333333
2 0.32395833333333335 0.5416666666666666 0.06458333333333334 0.13333333333333333
2 0.30104166666666665 0.5625 0.04583333333333333 0.12604166666666666
2 0.521875 0.5541666666666667 0.040625 0.10729166666666666
2 0.6645833333333333 0.5614583333333333 0.07604166666666666 0.103125
2 0.56875 0.5229166666666667 0.05 0.06041666666666667
2 0.76875 0.521875 0.04375 0.10104166666666667
2 0.69375 0.53125 0.030208333333333334 0.08645833333333333