3 0.5166666666666667 0.4864583333333333 0.12083333333333333 0.10208333333333333
1 0.103125 0.5114583333333333 0.203125 0.171875
1 0.69375 0.5458333333333333 0.21458333333333332 0.153125
1 0.453125 0.4895833333333333 0.03125 0.052083333333333336
3 0.6135416666666667 0.48333333333333334 0.096875 0.096875
1 0.7989583333333333 0.5302083333333333 0.11145833333333334 0.11145833333333334
1 0.41770833333333335 0.48541666666666666 0.04895833333333333 0.05625
1 0.35520833333333335 0.49270833333333336 0.023958333333333335 0.05520833333333333
1 0.33541666666666664 0.478125 0.03229166666666667 0.042708333333333334
1 0.9739583333333334 0.5135416666666667 0.04791666666666667 0.06354166666666666
1 0.6635416666666667 0.4635416666666667 0.028125 0.008333333333333333
1 0.3177083333333333 0.47708333333333336 0.009375 0.023958333333333335
1 0.3072916666666667 0.46979166666666666 0.017708333333333333 0.026041666666666668
1 0.5833333333333334 0.5104166666666666 0.8270833333333333 0.18229166666666666