1 0.50625 0.24375 0.19375 0.14375
0 0.4635416666666667 0.128125 0.12395833333333334 0.084375
1 0.5625 0.17604166666666668 0.03229166666666667 0.027083333333333334
1 0.5802083333333333 0.175 0.022916666666666665 0.028125
1 0.5927083333333333 0.17604166666666668 0.017708333333333333 0.027083333333333334
1 0.5041666666666667 0.16354166666666667 0.04479166666666667 0.013541666666666667
3 0.23958333333333334 0.434375 0.47604166666666664 0.48854166666666665
1 0.29375 0.32395833333333335 0.35104166666666664 0.278125
1 0.63125 0.18645833333333334 0.013541666666666667 0.029166666666666667
1 0.26458333333333334 0.17604166666666668 0.05520833333333333 0.026041666666666668
1 0.6208333333333333 0.175 0.0125 0.016666666666666666
1 0.6104166666666667 0.17395833333333333 0.014583333333333334 0.020833333333333332
1 0.603125 0.17395833333333333 0.007291666666666667 0.01875