2 0.221875 0.6145833333333334 0.125 0.39895833333333336
2 0.03125 0.47291666666666665 0.06145833333333333 0.096875
2 0.7770833333333333 0.6552083333333333 0.33958333333333335 0.4635416666666667
2 0.628125 0.44166666666666665 0.1125 0.08958333333333333
2 0.7625 0.47604166666666664 0.12291666666666666 0.109375
2 0.821875 0.43333333333333335 0.06875 0.08229166666666667
1 0.9489583333333333 0.3875 0.046875 0.030208333333333334
3 0.20833333333333334 0.4197916666666667 0.33229166666666665 0.15833333333333333
2 0.4354166666666667 0.5489583333333333 0.11354166666666667 0.3302083333333333
3 0.5677083333333334 0.38333333333333336 0.30833333333333335 0.1875
3 0.909375 0.41041666666666665 0.09166666666666666 0.071875
3 0.815625 0.39479166666666665 0.115625 0.053125