1 0.38333333333333336 0.559375 0.08541666666666667 0.05416666666666667
1 0.4822916666666667 0.5635416666666667 0.078125 0.046875
1 0.65 0.5583333333333333 0.08854166666666667 0.05520833333333333
1 0.7770833333333333 0.5583333333333333 0.06875 0.04895833333333333
1 0.8458333333333333 0.5645833333333333 0.065625 0.03333333333333333
3 0.16145833333333334 0.5916666666666667 0.31666666666666665 0.49166666666666664
3 0.5833333333333334 0.55625 0.06770833333333333 0.05416666666666667
1 0.7083333333333334 0.55625 0.06666666666666667 0.053125
1 0.9208333333333333 0.5604166666666667 0.071875 0.046875
1 0.315625 0.5739583333333333 0.0375 0.022916666666666665
1 0.88125 0.5645833333333333 0.025 0.042708333333333334