1 0.91875 0.3104166666666667 0.10729166666666666 0.029166666666666667
1 0.8 0.3229166666666667 0.05 0.034375
1 0.9666666666666667 0.29583333333333334 0.04791666666666667 0.019791666666666666
1 0.7822916666666667 0.31354166666666666 0.09375 0.04375
1 0.728125 0.31354166666666666 0.05520833333333333 0.011458333333333333
1 0.8552083333333333 0.303125 0.059375 0.01875
1 0.9854166666666667 0.3104166666666667 0.025 0.021875
2 0.4166666666666667 0.45416666666666666 0.390625 0.5614583333333333
2 0.6416666666666667 0.37083333333333335 0.19166666666666668 0.103125
1 0.014583333333333334 0.3489583333333333 0.029166666666666667 0.010416666666666666
1 0.284375 0.34479166666666666 0.05520833333333333 0.042708333333333334
1 0.6677083333333333 0.325 0.046875 0.027083333333333334
1 0.078125 0.35833333333333334 0.019791666666666666 0.019791666666666666
1 0.09479166666666666 0.3458333333333333 0.06354166666666666 0.007291666666666667
1 0.7760416666666666 0.47708333333333336 0.4427083333333333 0.6666666666666666