1 0.9395833333333333 0.5916666666666667 0.11875 0.09166666666666666
1 0.7416666666666667 0.5791666666666667 0.07604166666666666 0.04375
1 0.65625 0.571875 0.07604166666666666 0.029166666666666667
1 0.6260416666666667 0.5739583333333333 0.041666666666666664 0.030208333333333334
1 0.54375 0.5635416666666667 0.023958333333333335 0.023958333333333335
3 0.8302083333333333 0.5770833333333333 0.10208333333333333 0.07395833333333333
3 0.7864583333333334 0.578125 0.09583333333333334 0.06979166666666667
1 0.7197916666666667 0.578125 0.06458333333333334 0.03958333333333333
3 0.878125 0.5875 0.1 0.06979166666666667
0 0.446875 0.55 0.01875 0.029166666666666667
1 0.5260416666666666 0.5645833333333333 0.016666666666666666 0.014583333333333334