1 0.38229166666666664 0.653125 0.12604166666666666 0.096875
1 0.28125 0.6510416666666666 0.11458333333333333 0.09166666666666666
1 0.484375 0.634375 0.08125 0.071875
1 0.5364583333333334 0.6302083333333334 0.04895833333333333 0.065625
1 0.34791666666666665 0.609375 0.06145833333333333 0.04583333333333333
1 0.44479166666666664 0.6177083333333333 0.03958333333333333 0.04479166666666667
0 0.6322916666666667 0.603125 0.15208333333333332 0.15
0 0.14375 0.6125 0.265625 0.17083333333333334
0 0.4666666666666667 0.5760416666666667 0.11041666666666666 0.041666666666666664
1 0.41041666666666665 0.6020833333333333 0.0375 0.016666666666666666
1 0.5458333333333333 0.6 0.034375 0.03333333333333333