1 0.625 0.7322916666666667 0.18854166666666666 0.08854166666666667
1 0.5229166666666667 0.6729166666666667 0.15208333333333332 0.071875
1 0.8041666666666667 0.675 0.1 0.04791666666666667
1 0.9645833333333333 0.6791666666666667 0.065625 0.05
1 0.7020833333333333 0.6635416666666667 0.04375 0.026041666666666668
1 0.7552083333333334 0.6635416666666667 0.03229166666666667 0.029166666666666667
1 0.915625 0.675 0.08958333333333333 0.04791666666666667
1 0.6760416666666667 0.6583333333333333 0.051041666666666666 0.029166666666666667
1 0.6010416666666667 0.6572916666666667 0.03958333333333333 0.026041666666666668
1 0.8572916666666667 0.6666666666666666 0.04791666666666667 0.03333333333333333
1 0.73125 0.6677083333333333 0.021875 0.019791666666666666