1 0.6364583333333333 0.6802083333333333 0.45625 0.40520833333333334
1 0.453125 0.5197916666666667 0.2625 0.21145833333333333
1 0.17395833333333333 0.50625 0.33229166666666665 0.16875
1 0.8916666666666667 0.45729166666666665 0.020833333333333332 0.020833333333333332
1 0.86875 0.4510416666666667 0.020833333333333332 0.022916666666666665
1 0.9385416666666667 0.46770833333333334 0.034375 0.046875
1 0.78125 0.4739583333333333 0.07916666666666666 0.06770833333333333
1 0.6677083333333333 0.45208333333333334 0.035416666666666666 0.03125
1 0.715625 0.45625 0.06979166666666667 0.0625
1 0.921875 0.46145833333333336 0.020833333333333332 0.028125
3 0.59375 0.4510416666666667 0.052083333333333336 0.035416666666666666
1 0.8302083333333333 0.4666666666666667 0.046875 0.04375