1 0.35833333333333334 0.6677083333333333 0.271875 0.30416666666666664
0 0.5958333333333333 0.5072916666666667 0.47604166666666664 0.35625
0 0.26666666666666666 0.47708333333333336 0.06458333333333334 0.057291666666666664
0 0.13125 0.509375 0.071875 0.12291666666666666
0 0.9072916666666667 0.5114583333333333 0.184375 0.13125
1 0.9 0.5833333333333334 0.16875 0.165625
1 0.803125 0.840625 0.390625 0.3177083333333333
1 0.25104166666666666 0.5697916666666667 0.09895833333333333 0.13854166666666667
1 0.909375 0.5291666666666667 0.06458333333333334 0.058333333333333334
1 0.20208333333333334 0.5510416666666667 0.028125 0.07708333333333334
1 0.2 0.5302083333333333 0.03333333333333333 0.042708333333333334
0 0.21770833333333334 0.48333333333333334 0.03854166666666667 0.03958333333333333
0 0.18333333333333332 0.4864583333333333 0.020833333333333332 0.026041666666666668
1 0.18958333333333333 0.5229166666666667 0.023958333333333335 0.036458333333333336
1 0.18854166666666666 0.515625 0.029166666666666667 0.027083333333333334
1 0.17083333333333334 0.5052083333333334 0.010416666666666666 0.021875