1 0.5 0.5604166666666667 0.17291666666666666 0.140625
1 0.13854166666666667 0.584375 0.18333333333333332 0.196875
1 0.103125 0.5010416666666667 0.121875 0.10729166666666666
1 0.34270833333333334 0.5572916666666666 0.159375 0.12708333333333333
1 0.7 0.5427083333333333 0.1125 0.10520833333333333
1 0.8197916666666667 0.5416666666666666 0.140625 0.10520833333333333
0 0.12291666666666666 0.4947916666666667 0.24270833333333333 0.984375
1 0.5604166666666667 0.5020833333333333 0.04479166666666667 0.05520833333333333
1 0.17916666666666667 0.5395833333333333 0.04583333333333333 0.07291666666666667
1 0.9666666666666667 0.540625 0.06458333333333334 0.07291666666666667
1 0.8895833333333333 0.5427083333333333 0.05520833333333333 0.07604166666666666
1 0.7729166666666667 0.5072916666666667 0.10625 0.051041666666666666