1 0.30625 0.5510416666666667 0.06979166666666667 0.052083333333333336
1 0.16041666666666668 0.55625 0.065625 0.04375
1 0.18854166666666666 0.5510416666666667 0.028125 0.03854166666666667
1 0.3885416666666667 0.5708333333333333 0.023958333333333335 0.05520833333333333
1 0.3489583333333333 0.553125 0.015625 0.016666666666666666
1 0.4197916666666667 0.5708333333333333 0.05625 0.10416666666666667
1 0.24791666666666667 0.5552083333333333 0.01875 0.022916666666666665
3 0.4864583333333333 0.5989583333333334 0.13229166666666667 0.14479166666666668
1 0.21979166666666666 0.5541666666666667 0.021875 0.023958333333333335
1 0.22916666666666666 0.5541666666666667 0.016666666666666666 0.023958333333333335
1 0.1375 0.5645833333333333 0.04479166666666667 0.053125