1 0.73125 0.8802083333333334 0.5333333333333333 0.23541666666666666
1 0.5083333333333333 0.746875 0.13958333333333334 0.040625
1 0.11458333333333333 0.7583333333333333 0.22916666666666666 0.059375
1 0.625 0.728125 0.06145833333333333 0.027083333333333334
1 0.3458333333333333 0.7510416666666667 0.1875 0.05
1 0.9822916666666667 0.7927083333333333 0.03125 0.10416666666666667
1 0.8833333333333333 0.7364583333333333 0.090625 0.03854166666666667
1 0.5864583333333333 0.7291666666666666 0.035416666666666666 0.035416666666666666
1 0.6729166666666667 0.7302083333333333 0.05520833333333333 0.025
3 0.8822916666666667 0.7354166666666667 0.09166666666666666 0.035416666666666666
3 0.7666666666666667 0.7302083333333333 0.025 0.029166666666666667