1 0.784375 0.3489583333333333 0.42604166666666665 0.253125
2 0.7927083333333333 0.478125 0.35 0.225
1 0.47291666666666665 0.28854166666666664 0.08125 0.028125
1 0.425 0.28854166666666664 0.023958333333333335 0.029166666666666667
1 0.4114583333333333 0.2864583333333333 0.03333333333333333 0.025
3 0.7979166666666667 0.24479166666666666 0.38125 0.06770833333333333
1 0.7135416666666666 0.3072916666666667 0.128125 0.057291666666666664
1 0.6302083333333334 0.30416666666666664 0.10520833333333333 0.05416666666666667
1 0.38645833333333335 0.28125 0.020833333333333332 0.015625
1 0.396875 0.2833333333333333 0.019791666666666666 0.020833333333333332
1 0.3020833333333333 0.2916666666666667 0.03229166666666667 0.028125
1 0.32083333333333336 0.2833333333333333 0.0125 0.009375