1 0.9708333333333333 0.6697916666666667 0.05416666666666667 0.06041666666666667
1 0.903125 0.6604166666666667 0.14166666666666666 0.05416666666666667
1 0.7333333333333333 0.64375 0.10104166666666667 0.051041666666666666
1 0.8197916666666667 0.6541666666666667 0.11041666666666666 0.052083333333333336
1 0.15104166666666666 0.6322916666666667 0.06770833333333333 0.03125
1 0.6489583333333333 0.6447916666666667 0.07708333333333334 0.03333333333333333
1 0.6125 0.640625 0.041666666666666664 0.028125
1 0.46458333333333335 0.6447916666666667 0.035416666666666666 0.0375
3 0.596875 0.6302083333333334 0.06875 0.042708333333333334
1 0.49270833333333336 0.6333333333333333 0.03958333333333333 0.021875
1 0.534375 0.628125 0.0375 0.016666666666666666
1 0.27291666666666664 0.6385416666666667 0.10729166666666666 0.034375
3 0.078125 0.6354166666666666 0.09375 0.057291666666666664
1 0.5604166666666667 0.6354166666666666 0.019791666666666666 0.021875