2 0.4666666666666667 0.6479166666666667 0.04791666666666667 0.10104166666666667
2 0.42604166666666665 0.61875 0.029166666666666667 0.096875
2 0.39791666666666664 0.6145833333333334 0.017708333333333333 0.058333333333333334
2 0.32916666666666666 0.6635416666666667 0.04375 0.09583333333333334
2 0.36770833333333336 0.60625 0.019791666666666666 0.04375
2 0.38125 0.6125 0.010416666666666666 0.04479166666666667
2 0.2947916666666667 0.59375 0.00625 0.027083333333333334
2 0.325 0.6114583333333333 0.05 0.04583333333333333
2 0.28541666666666665 0.5916666666666667 0.007291666666666667 0.027083333333333334
2 0.23541666666666666 0.584375 0.00625 0.014583333333333334
2 0.271875 0.5885416666666666 0.00625 0.020833333333333332