1 0.56875 0.49270833333333336 0.196875 0.10729166666666666
1 0.8041666666666667 0.496875 0.17604166666666668 0.05416666666666667
1 0.7583333333333333 0.46770833333333334 0.03125 0.028125
1 0.6927083333333334 0.503125 0.016666666666666666 0.06354166666666666
1 0.030208333333333334 0.4739583333333333 0.053125 0.057291666666666664
1 0.29375 0.48333333333333334 0.09479166666666666 0.0625
1 0.33125 0.46458333333333335 0.057291666666666664 0.027083333333333334
1 0.4635416666666667 0.4979166666666667 0.11875 0.08645833333333333
1 0.06458333333333334 0.478125 0.06770833333333333 0.057291666666666664
1 0.4 0.48020833333333335 0.03958333333333333 0.05416666666666667
1 0.7802083333333333 0.46458333333333335 0.03125 0.01875
1 0.09791666666666667 0.48020833333333335 0.041666666666666664 0.05
1 0.128125 0.471875 0.010416666666666666 0.026041666666666668
1 0.521875 0.46770833333333334 0.615625 0.05625