1 0.21354166666666666 0.23020833333333332 0.07083333333333333 0.07916666666666666
1 0.096875 0.22916666666666666 0.06666666666666667 0.08020833333333334
1 0.7010416666666667 0.6083333333333333 0.5958333333333333 0.7604166666666666
1 0.13645833333333332 0.20729166666666668 0.03125 0.040625
1 0.159375 0.2 0.023958333333333335 0.03229166666666667
1 0.08229166666666667 0.17916666666666667 0.019791666666666666 0.022916666666666665
1 0.13020833333333334 0.190625 0.03229166666666667 0.021875
1 0.10104166666666667 0.16979166666666667 0.025 0.01875
3 0.32083333333333336 0.18958333333333333 0.10520833333333333 0.10625
1 0.013541666666666667 0.1875 0.026041666666666668 0.042708333333333334
3 0.146875 0.17916666666666667 0.027083333333333334 0.022916666666666665