1 0.6958333333333333 0.4375 0.035416666666666666 0.025
1 0.06770833333333333 0.5989583333333334 0.13541666666666666 0.12395833333333334
1 0.725 0.496875 0.052083333333333336 0.051041666666666666
1 0.7 0.4125 0.01875 0.014583333333333334
1 0.7364583333333333 0.40729166666666666 0.021875 0.017708333333333333
1 0.7041666666666667 0.396875 0.01875 0.015625
1 0.846875 0.49895833333333334 0.020833333333333332 0.03333333333333333
1 0.6875 0.4041666666666667 0.019791666666666666 0.01875
2 0.48541666666666666 0.5791666666666667 0.04479166666666667 0.078125
2 0.3260416666666667 0.6020833333333333 0.052083333333333336 0.08125
2 0.6072916666666667 0.534375 0.030208333333333334 0.036458333333333336
2 0.5333333333333333 0.534375 0.03333333333333333 0.041666666666666664
2 0.6833333333333333 0.47291666666666665 0.009375 0.021875
2 0.6333333333333333 0.5135416666666667 0.022916666666666665 0.03229166666666667
2 0.625 0.48854166666666665 0.017708333333333333 0.020833333333333332
3 0.725 0.49583333333333335 0.05520833333333333 0.05625
3 0.7604166666666666 0.42291666666666666 0.030208333333333334 0.028125
3 0.7 0.41041666666666665 0.020833333333333332 0.017708333333333333
2 0.16458333333333333 0.6791666666666667 0.190625 0.271875
2 0.36041666666666666 0.5947916666666667 0.019791666666666666 0.035416666666666666
1 0.7354166666666667 0.39895833333333336 0.035416666666666666 0.013541666666666667
1 0.2604166666666667 0.565625 0.057291666666666664 0.109375