1 0.30520833333333336 0.78125 0.11354166666666667 0.125
1 0.38229166666666664 0.7302083333333333 0.036458333333333336 0.027083333333333334
1 0.5010416666666667 0.7729166666666667 0.16041666666666668 0.23333333333333334
1 0.7854166666666667 0.840625 0.425 0.3145833333333333
0 0.8583333333333333 0.621875 0.2791666666666667 0.3645833333333333
1 0.5989583333333334 0.7270833333333333 0.03854166666666667 0.05520833333333333
3 0.13541666666666666 0.784375 0.23854166666666668 0.2708333333333333
1 0.25104166666666666 0.7239583333333334 0.034375 0.03229166666666667
1 0.40625 0.7333333333333333 0.010416666666666666 0.016666666666666666
1 0.2864583333333333 0.7083333333333334 0.040625 0.020833333333333332
1 0.4083333333333333 0.71875 0.030208333333333334 0.029166666666666667