3 0.4270833333333333 0.24270833333333333 0.18645833333333334 0.125
1 0.059375 0.22083333333333333 0.075 0.07708333333333334
2 0.8979166666666667 0.30416666666666664 0.15833333333333333 0.21875
2 0.7760416666666666 0.3020833333333333 0.10208333333333333 0.15833333333333333
2 0.06666666666666667 0.378125 0.13020833333333334 0.2635416666666667
2 0.9510416666666667 0.3145833333333333 0.09583333333333334 0.26666666666666666
2 0.31666666666666665 0.28125 0.075 0.096875
2 0.28229166666666666 0.26458333333333334 0.028125 0.03125
2 0.178125 0.25833333333333336 0.075 0.0625
2 0.13958333333333334 0.25729166666666664 0.03333333333333333 0.05520833333333333
2 0.07291666666666667 0.23020833333333332 0.09791666666666667 0.078125
2 0.8354166666666667 0.271875 0.08125 0.11979166666666667
2 0.47708333333333336 0.490625 0.8375 0.95625