1 0.6989583333333333 0.30520833333333336 0.24166666666666667 0.153125
1 0.7239583333333334 0.13020833333333334 0.071875 0.05
1 0.6114583333333333 0.13125 0.10833333333333334 0.05520833333333333
1 0.5072916666666667 0.15104166666666666 0.08229166666666667 0.06145833333333333
1 0.4395833333333333 0.16666666666666666 0.096875 0.06770833333333333
1 0.3229166666666667 0.17083333333333334 0.09583333333333334 0.06458333333333334
1 0.24479166666666666 0.18125 0.115625 0.07083333333333333
1 0.115625 0.18125 0.128125 0.08229166666666667
1 0.20833333333333334 0.16145833333333334 0.09895833333333333 0.08541666666666667
1 0.45208333333333334 0.096875 0.025 0.023958333333333335
1 0.9052083333333333 0.15416666666666667 0.052083333333333336 0.06041666666666667
1 0.7625 0.13020833333333334 0.03229166666666667 0.041666666666666664
1 0.030208333333333334 0.19479166666666667 0.05520833333333333 0.08125
1 0.5833333333333334 0.08645833333333333 0.6083333333333333 0.17291666666666666