1 0.11875 0.09895833333333333 0.09166666666666666 0.07708333333333334
1 0.503125 0.13541666666666666 0.228125 0.15625
1 0.3885416666666667 0.078125 0.11354166666666667 0.059375
1 0.27291666666666664 0.15416666666666667 0.31354166666666666 0.19583333333333333
1 0.6947916666666667 0.115625 0.24895833333333334 0.17708333333333334
1 0.8270833333333333 0.06354166666666666 0.06041666666666667 0.07083333333333333
1 0.05416666666666667 0.078125 0.036458333333333336 0.030208333333333334
2 0.5322916666666667 0.5270833333333333 0.6177083333333333 0.8197916666666667
3 0.9270833333333334 0.09583333333333334 0.14166666666666666 0.14895833333333333
1 0.83125 0.11979166666666667 0.05416666666666667 0.06666666666666667
1 0.9395833333333333 0.04791666666666667 0.06770833333333333 0.04583333333333333
1 0.18229166666666666 0.10104166666666667 0.134375 0.09479166666666666