1 0.809375 0.021875 0.09375 0.042708333333333334
1 0.2864583333333333 0.015625 0.15416666666666667 0.03125
2 0.321875 0.47291666666666665 0.6395833333333333 0.94375
2 0.5239583333333333 0.3302083333333333 0.44166666666666665 0.6333333333333333
2 0.7270833333333333 0.2604166666666667 0.303125 0.5166666666666667
2 0.8541666666666666 0.23125 0.25104166666666666 0.40208333333333335
1 0.109375 0.11041666666666666 0.21875 0.22083333333333333
1 0.6791666666666667 0.010416666666666666 0.040625 0.020833333333333332
1 0.9666666666666667 0.04479166666666667 0.0625 0.08854166666666667
1 0.5041666666666667 0.016666666666666666 0.08125 0.03333333333333333
1 0.55 0.0125 0.01875 0.023958333333333335