1 0.41875 0.246875 0.053125 0.03958333333333333
1 0.4625 0.24791666666666667 0.036458333333333336 0.03125
1 0.10208333333333333 0.25416666666666665 0.0375 0.034375
1 0.6895833333333333 0.246875 0.05416666666666667 0.026041666666666668
1 0.17083333333333334 0.2520833333333333 0.04375 0.042708333333333334
3 0.5979166666666667 0.23125 0.16875 0.075
1 0.5125 0.24583333333333332 0.027083333333333334 0.020833333333333332
1 0.49166666666666664 0.25104166666666666 0.057291666666666664 0.03958333333333333
1 0.14375 0.2375 0.041666666666666664 0.022916666666666665
1 0.35208333333333336 0.24895833333333334 0.04791666666666667 0.042708333333333334
1 0.14479166666666668 0.24791666666666667 0.034375 0.029166666666666667