1 0.28229166666666666 0.23333333333333334 0.05 0.03125
1 0.42916666666666664 0.3458333333333333 0.421875 0.265625
1 0.7208333333333333 0.32708333333333334 0.415625 0.29375
1 0.88125 0.24375 0.18020833333333333 0.14583333333333334
1 0.08020833333333334 0.2989583333333333 0.14479166666666668 0.18854166666666666
1 0.20625 0.31979166666666664 0.13541666666666666 0.17604166666666668
1 0.790625 0.20104166666666667 0.11666666666666667 0.059375
1 0.5770833333333333 0.21458333333333332 0.15416666666666667 0.09375
1 0.010416666666666666 0.3104166666666667 0.020833333333333332 0.15416666666666667
1 0.20833333333333334 0.221875 0.09479166666666666 0.040625
1 0.39479166666666665 0.20833333333333334 0.06666666666666667 0.027083333333333334