3 0.8666666666666667 0.68125 0.26458333333333334 0.24895833333333334
1 0.8677083333333333 0.69375 0.2604166666666667 0.246875
1 0.775 0.6541666666666667 0.14583333333333334 0.20833333333333334
1 0.8395833333333333 0.5010416666666667 0.06770833333333333 0.06979166666666667
1 0.9760416666666667 0.5197916666666667 0.04583333333333333 0.05625
1 0.953125 0.49270833333333336 0.065625 0.029166666666666667
1 0.915625 0.484375 0.05416666666666667 0.04479166666666667
1 0.9302083333333333 0.4583333333333333 0.040625 0.041666666666666664
1 0.9520833333333333 0.44583333333333336 0.030208333333333334 0.040625
1 0.9822916666666667 0.46145833333333336 0.03125 0.04375
1 0.8875 0.528125 0.16145833333333334 0.05
1 0.9145833333333333 0.4395833333333333 0.04375 0.03854166666666667
1 0.7354166666666667 0.6010416666666667 0.075 0.08645833333333333
1 0.8895833333333333 0.4822916666666667 0.04895833333333333 0.04895833333333333
1 0.5489583333333333 0.3333333333333333 0.8979166666666667 0.665625