1 0.584375 0.46770833333333334 0.21145833333333333 0.165625
1 0.859375 0.48020833333333335 0.14270833333333333 0.178125
1 0.7270833333333333 0.45729166666666665 0.140625 0.109375
1 0.31666666666666665 0.4166666666666667 0.04895833333333333 0.06458333333333334
1 0.4552083333333333 0.43854166666666666 0.1125 0.13020833333333334
1 0.2791666666666667 0.39375 0.03229166666666667 0.035416666666666666
1 0.25416666666666665 0.3875 0.011458333333333333 0.026041666666666668
1 0.3302083333333333 0.37604166666666666 0.03229166666666667 0.016666666666666666
1 0.22395833333333334 0.3885416666666667 0.020833333333333332 0.036458333333333336
1 0.16979166666666667 0.3927083333333333 0.036458333333333336 0.03958333333333333
1 0.15416666666666667 0.38125 0.020833333333333332 0.026041666666666668