0 0.23645833333333333 0.83125 0.115625 0.09166666666666666
1 0.8625 0.828125 0.08958333333333333 0.05416666666666667
1 0.6427083333333333 0.8635416666666667 0.15416666666666667 0.09479166666666666
1 0.334375 0.8520833333333333 0.05 0.035416666666666666
1 0.525 0.8479166666666667 0.0875 0.06979166666666667
1 0.057291666666666664 0.9208333333333333 0.11041666666666666 0.14895833333333333
1 0.3958333333333333 0.8572916666666667 0.051041666666666666 0.03125
1 0.4739583333333333 0.8541666666666666 0.01875 0.042708333333333334
1 0.6 0.8375 0.040625 0.03229166666666667
1 0.46979166666666666 0.84375 0.078125 0.0625
1 0.9541666666666667 0.8260416666666667 0.08229166666666667 0.059375