1 0.875 0.24270833333333333 0.115625 0.11458333333333333
1 0.8020833333333334 0.2375 0.07604166666666666 0.1
1 0.30104166666666665 0.20833333333333334 0.07604166666666666 0.07708333333333334
1 0.9510416666666667 0.25104166666666666 0.09583333333333334 0.125
1 0.7302083333333333 0.23541666666666666 0.078125 0.084375
1 0.9760416666666667 0.16770833333333332 0.046875 0.052083333333333336
3 0.35104166666666664 0.11458333333333333 0.09375 0.08645833333333333
3 0.6833333333333333 0.15208333333333332 0.09583333333333334 0.06041666666666667
1 0.11041666666666666 0.17708333333333334 0.03854166666666667 0.06979166666666667
1 0.678125 0.21770833333333334 0.04791666666666667 0.057291666666666664
1 0.16770833333333332 0.19270833333333334 0.08541666666666667 0.065625
1 0.29270833333333335 0.134375 0.03125 0.040625
3 0.6364583333333333 0.096875 0.075 0.053125