2 0.8697916666666666 0.590625 0.25833333333333336 0.3145833333333333
2 0.7177083333333333 0.5145833333333333 0.2375 0.28854166666666664
2 0.36666666666666664 0.4635416666666667 0.09166666666666666 0.18333333333333332
2 0.165625 0.4354166666666667 0.14583333333333334 0.240625
2 0.26979166666666665 0.434375 0.096875 0.22916666666666666
2 0.43645833333333334 0.4583333333333333 0.11145833333333334 0.2375
2 0.5791666666666667 0.475 0.16979166666666667 0.259375
2 0.6208333333333333 0.534375 0.13541666666666666 0.14479166666666668
2 0.5125 0.47708333333333336 0.11041666666666666 0.20416666666666666
2 0.7125 0.42604166666666665 0.09583333333333334 0.14583333333333334
2 0.803125 0.5510416666666667 0.228125 0.284375