1 0.103125 0.48333333333333334 0.20520833333333333 0.28020833333333334
1 0.47604166666666664 0.440625 0.05 0.035416666666666666
1 0.6208333333333333 0.43854166666666666 0.016666666666666666 0.058333333333333334
1 0.8458333333333333 0.43333333333333335 0.008333333333333333 0.011458333333333333
1 0.7927083333333333 0.41770833333333335 0.008333333333333333 0.010416666666666666
3 0.24791666666666667 0.4322916666666667 0.28541666666666665 0.18229166666666666
1 0.7822916666666667 0.44375 0.011458333333333333 0.046875
1 0.8177083333333334 0.4322916666666667 0.011458333333333333 0.011458333333333333
1 0.85 0.421875 0.007291666666666667 0.009375
1 0.828125 0.41354166666666664 0.005208333333333333 0.007291666666666667
1 0.8145833333333333 0.4239583333333333 0.007291666666666667 0.008333333333333333
1 0.8010416666666667 0.4510416666666667 0.0125 0.014583333333333334
1 0.8083333333333333 0.42083333333333334 0.010416666666666666 0.011458333333333333
1 0.7177083333333333 0.43854166666666666 0.22708333333333333 0.06354166666666666