1 0.5635416666666667 0.390625 0.05625 0.014583333333333334
1 0.7958333333333333 0.39479166666666665 0.036458333333333336 0.042708333333333334
1 0.878125 0.37083333333333335 0.084375 0.030208333333333334
1 0.59375 0.35 0.016666666666666666 0.014583333333333334
1 0.9239583333333333 0.3645833333333333 0.03333333333333333 0.03854166666666667
1 0.7239583333333334 0.36875 0.04791666666666667 0.035416666666666666
1 0.38958333333333334 0.3572916666666667 0.084375 0.025
1 0.684375 0.38125 0.04583333333333333 0.03958333333333333
1 0.6166666666666667 0.3854166666666667 0.10833333333333334 0.053125
1 0.7291666666666666 0.3302083333333333 0.034375 0.015625
1 0.6583333333333333 0.34791666666666665 0.04583333333333333 0.026041666666666668
1 0.9322916666666666 0.3375 0.03229166666666667 0.014583333333333334
1 0.5458333333333333 0.35625 0.06875 0.034375
3 0.9666666666666667 0.41875 0.0625 0.1625
1 0.48333333333333334 0.36041666666666666 0.890625 0.11666666666666667