1 0.10416666666666667 0.16979166666666667 0.07604166666666666 0.03229166666666667
1 0.5229166666666667 0.17708333333333334 0.04791666666666667 0.040625
1 0.14375 0.14479166666666668 0.023958333333333335 0.019791666666666666
1 0.22916666666666666 0.16354166666666667 0.04375 0.03229166666666667
1 0.2864583333333333 0.175 0.0375 0.04375
1 0.053125 0.16354166666666667 0.03854166666666667 0.0375
3 0.18020833333333333 0.1375 0.03333333333333333 0.035416666666666666
1 0.39166666666666666 0.15520833333333334 0.023958333333333335 0.01875
1 0.6760416666666667 0.17604166666666668 0.059375 0.034375
1 0.6020833333333333 0.17291666666666666 0.03229166666666667 0.03125
1 0.19791666666666666 0.16458333333333333 0.040625 0.040625
1 0.017708333333333333 0.16458333333333333 0.034375 0.036458333333333336
1 0.24895833333333334 0.17083333333333334 0.03125 0.03854166666666667
1 0.3375 0.15208333333333332 0.0375 0.025
1 0.4239583333333333 0.16666666666666666 0.8239583333333333 0.075