1 0.4 0.31979166666666664 0.32708333333333334 0.14479166666666668
1 0.08958333333333333 0.26875 0.178125 0.12395833333333334
1 0.6895833333333333 0.30520833333333336 0.24895833333333334 0.11041666666666666
1 0.9458333333333333 0.32708333333333334 0.10625 0.18229166666666666
1 0.503125 0.22916666666666666 0.04895833333333333 0.034375
2 0.50625 0.28229166666666666 0.07708333333333334 0.06354166666666666
3 0.26458333333333334 0.215625 0.10520833333333333 0.057291666666666664
1 0.1 0.22395833333333334 0.09895833333333333 0.051041666666666666
1 0.565625 0.228125 0.030208333333333334 0.015625
3 0.134375 0.209375 0.12395833333333334 0.06145833333333333
1 0.5614583333333333 0.2604166666666667 0.1125 0.052083333333333336
1 0.796875 0.2708333333333333 0.11666666666666667 0.057291666666666664
1 0.13333333333333333 0.20833333333333334 0.12708333333333333 0.059375