1 0.23125 0.79375 0.10416666666666667 0.053125
1 0.4114583333333333 0.7760416666666666 0.05625 0.03333333333333333
1 0.49270833333333336 0.7677083333333333 0.021875 0.015625
1 0.6729166666666667 0.7864583333333334 0.036458333333333336 0.040625
1 0.7020833333333333 0.7927083333333333 0.053125 0.06875
1 0.7302083333333333 0.7989583333333333 0.06875 0.08958333333333333
1 0.8458333333333333 0.828125 0.25416666666666665 0.17083333333333334
1 0.34375 0.7854166666666667 0.08333333333333333 0.03958333333333333
1 0.66875 0.775 0.04479166666666667 0.03958333333333333
1 0.8979166666666667 0.8854166666666666 0.2 0.225
1 0.44895833333333335 0.7708333333333334 0.020833333333333332 0.016666666666666666
1 0.584375 0.7708333333333334 0.030208333333333334 0.019791666666666666
3 0.109375 0.8302083333333333 0.21875 0.18541666666666667
1 0.5625 0.7614583333333333 0.1375 0.022916666666666665