1 0.36041666666666666 0.9583333333333334 0.09166666666666666 0.07916666666666666
1 0.29791666666666666 0.9604166666666667 0.12083333333333333 0.075
1 0.16145833333333334 0.9729166666666667 0.24270833333333333 0.053125
1 0.26666666666666666 0.8958333333333334 0.0375 0.04375
1 0.07291666666666667 0.915625 0.0625 0.07916666666666666
1 0.31145833333333334 0.8947916666666667 0.04583333333333333 0.0375
1 0.028125 0.9208333333333333 0.05520833333333333 0.08645833333333333
1 0.24791666666666667 0.9052083333333333 0.016666666666666666 0.035416666666666666
1 0.334375 0.8916666666666667 0.03125 0.052083333333333336
1 0.35520833333333335 0.884375 0.0125 0.010416666666666666
1 0.38125 0.93125 0.051041666666666666 0.052083333333333336