0 0.234375 0.553125 0.11145833333333334 0.115625
0 0.49895833333333334 0.54375 0.13229166666666667 0.17291666666666666
0 0.7729166666666667 0.5427083333333333 0.06041666666666667 0.084375
0 0.9020833333333333 0.5447916666666667 0.19166666666666668 0.23541666666666666
0 0.6510416666666666 0.5354166666666667 0.040625 0.05625
0 0.6166666666666667 0.534375 0.034375 0.051041666666666666
0 0.7302083333333333 0.528125 0.03854166666666667 0.04895833333333333
0 0.6989583333333333 0.5291666666666667 0.03333333333333333 0.042708333333333334
0 0.6770833333333334 0.5291666666666667 0.020833333333333332 0.034375
0 0.571875 0.534375 0.017708333333333333 0.03854166666666667
0 0.35625 0.5416666666666666 0.058333333333333334 0.059375
0 0.09375 0.553125 0.1875 0.16458333333333333
0 0.5895833333333333 0.534375 0.021875 0.04479166666666667
0 0.5666666666666667 0.5375 0.5166666666666667 0.12916666666666668