1 0.621875 0.6489583333333333 0.20520833333333333 0.21354166666666666
1 0.8302083333333333 0.590625 0.05520833333333333 0.059375
1 0.7333333333333333 0.5833333333333334 0.051041666666666666 0.05625
1 0.69375 0.5833333333333334 0.036458333333333336 0.05625
1 0.39166666666666666 0.6 0.12604166666666666 0.09479166666666666
1 0.06354166666666666 0.6354166666666666 0.125 0.17291666666666666
1 0.7802083333333333 0.5666666666666667 0.046875 0.059375
1 0.8302083333333333 0.5447916666666667 0.03333333333333333 0.041666666666666664
1 0.85 0.5375 0.020833333333333332 0.025
1 0.9583333333333334 0.534375 0.023958333333333335 0.029166666666666667
1 0.859375 0.5322916666666667 0.022916666666666665 0.023958333333333335