1 0.9739583333333334 0.3072916666666667 0.04791666666666667 0.04375
1 0.921875 0.29791666666666666 0.030208333333333334 0.016666666666666666
1 0.8864583333333333 0.29791666666666666 0.016666666666666666 0.019791666666666666
1 0.9020833333333333 0.3 0.013541666666666667 0.013541666666666667
2 0.503125 0.58125 0.9770833333333333 0.7895833333333333
2 0.39375 0.3854166666666667 0.38645833333333335 0.20833333333333334
2 0.446875 0.31145833333333334 0.19166666666666668 0.11354166666666667
2 0.48020833333333335 0.253125 0.20520833333333333 0.11979166666666667
1 0.871875 0.29791666666666666 0.021875 0.016666666666666666
2 0.478125 0.24791666666666667 0.20729166666666668 0.109375
3 0.07083333333333333 0.234375 0.140625 0.12291666666666666