1 0.3260416666666667 0.565625 0.052083333333333336 0.029166666666666667
1 0.10520833333333333 0.56875 0.075 0.041666666666666664
3 0.6447916666666667 0.55 0.1375 0.075
3 0.828125 0.5572916666666666 0.13854166666666667 0.06666666666666667
0 0.9177083333333333 0.5375 0.06875 0.020833333333333332
1 0.5302083333333333 0.5572916666666666 0.025 0.019791666666666666
1 0.5447916666666667 0.55625 0.017708333333333333 0.015625
1 0.5677083333333334 0.5541666666666667 0.014583333333333334 0.015625
1 0.48541666666666666 0.55 0.021875 0.013541666666666667
1 0.21770833333333334 0.5635416666666667 0.040625 0.021875
1 0.15208333333333332 0.5802083333333333 0.084375 0.034375