1 0.09270833333333334 0.565625 0.021875 0.022916666666666665
1 0.24895833333333334 0.5604166666666667 0.014583333333333334 0.019791666666666666
2 0.6135416666666667 0.8489583333333334 0.253125 0.27395833333333336
1 0.030208333333333334 0.5791666666666667 0.023958333333333335 0.036458333333333336
2 0.43854166666666666 0.7489583333333333 0.12916666666666668 0.2916666666666667
2 0.32395833333333335 0.64375 0.06041666666666667 0.14166666666666666
2 0.2833333333333333 0.6333333333333333 0.04791666666666667 0.0875
2 0.24270833333333333 0.6177083333333333 0.03958333333333333 0.08020833333333334
2 0.21666666666666667 0.6145833333333334 0.022916666666666665 0.04895833333333333
2 0.19479166666666667 0.590625 0.009375 0.028125
2 0.36875 0.6822916666666666 0.0625 0.19895833333333332
2 0.1875 0.5791666666666667 0.00625 0.017708333333333333
2 0.18229166666666666 0.575 0.007291666666666667 0.020833333333333332
2 0.17708333333333334 0.5697916666666667 0.00625 0.017708333333333333
1 0.10833333333333334 0.5677083333333334 0.0125 0.015625
1 0.06979166666666667 0.5739583333333333 0.015625 0.022916666666666665
1 0.06041666666666667 0.5770833333333333 0.013541666666666667 0.028125
1 0.03958333333333333 0.575 0.03229166666666667 0.0375
1 0.011458333333333333 0.5822916666666667 0.022916666666666665 0.04895833333333333
3 0.9677083333333333 0.8489583333333334 0.06041666666666667 0.27708333333333335