1 0.596875 0.8791666666666667 0.046875 0.07395833333333333
1 0.21041666666666667 0.9729166666666667 0.25 0.05
1 0.6 0.821875 0.035416666666666666 0.036458333333333336
1 0.40520833333333334 0.8552083333333333 0.042708333333333334 0.034375
1 0.6416666666666667 0.8145833333333333 0.029166666666666667 0.034375
1 0.3885416666666667 0.9739583333333334 0.15208333333333332 0.04791666666666667
1 0.83125 0.846875 0.32395833333333335 0.059375
1 0.5104166666666666 0.834375 0.020833333333333332 0.03125
1 0.5260416666666666 0.8354166666666667 0.027083333333333334 0.0375
1 0.7760416666666666 0.9270833333333334 0.446875 0.13229166666666667
1 0.6229166666666667 0.8677083333333333 0.016666666666666666 0.052083333333333336
1 0.42604166666666665 0.8479166666666667 0.029166666666666667 0.046875
3 0.7739583333333333 0.903125 0.43645833333333334 0.16979166666666667
1 0.44375 0.834375 0.01875 0.034375
1 0.575 0.8291666666666667 0.246875 0.058333333333333334