1 0.809375 0.5947916666666667 0.184375 0.13229166666666667
1 0.8229166666666666 0.43645833333333334 0.06666666666666667 0.04895833333333333
1 0.9458333333333333 0.4395833333333333 0.10729166666666666 0.03229166666666667
1 0.08333333333333333 0.4125 0.03333333333333333 0.025
1 0.45208333333333334 0.4125 0.026041666666666668 0.023958333333333335
1 0.44166666666666665 0.4010416666666667 0.04583333333333333 0.026041666666666668
1 0.015625 0.4010416666666667 0.014583333333333334 0.0125
0 0.3854166666666667 0.5625 0.35104166666666664 0.278125
0 0.184375 0.48541666666666666 0.146875 0.15208333333333332
1 0.246875 0.3958333333333333 0.019791666666666666 0.027083333333333334
1 0.89375 0.43645833333333334 0.090625 0.0625
1 0.36041666666666666 0.39166666666666666 0.016666666666666666 0.014583333333333334
1 0.28854166666666664 0.3875 0.011458333333333333 0.014583333333333334