1 0.08541666666666667 0.34270833333333334 0.17083333333333334 0.12291666666666666
1 0.9427083333333334 0.346875 0.11041666666666666 0.10208333333333333
1 0.16875 0.26875 0.07604166666666666 0.053125
1 0.209375 0.253125 0.07083333333333333 0.06041666666666667
1 0.4427083333333333 0.25104166666666666 0.034375 0.03854166666666667
1 0.1 0.2520833333333333 0.029166666666666667 0.035416666666666666
3 0.628125 0.315625 0.334375 0.17708333333333334
3 0.36770833333333336 0.25729166666666664 0.04583333333333333 0.057291666666666664
1 0.14166666666666666 0.24895833333333334 0.0375 0.03333333333333333
1 0.058333333333333334 0.2625 0.07708333333333334 0.05416666666666667
1 0.36875 0.25729166666666664 0.04895833333333333 0.05520833333333333
1 0.04791666666666667 0.27291666666666664 0.09583333333333334 0.04895833333333333
1 0.4864583333333333 0.2635416666666667 0.04479166666666667 0.04479166666666667
1 0.3104166666666667 0.253125 0.05 0.06875
1 0.621875 0.2708333333333333 0.58125 0.12083333333333333