2 0.1625 0.3875 0.042708333333333334 0.09166666666666666
1 0.8135416666666667 0.7625 0.37083333333333335 0.4041666666666667
1 0.5739583333333333 0.5114583333333333 0.17708333333333334 0.21041666666666667
1 0.42916666666666664 0.3927083333333333 0.12916666666666668 0.15208333333333332
1 0.23541666666666666 0.3145833333333333 0.09375 0.1125
1 0.9166666666666666 0.4635416666666667 0.16458333333333333 0.16875
3 0.29375 0.28020833333333334 0.08645833333333333 0.10625
1 0.68125 0.590625 0.2520833333333333 0.25104166666666666
1 0.65625 0.3770833333333333 0.115625 0.125
1 0.5552083333333333 0.409375 0.14375 0.109375
1 0.20833333333333334 0.3302083333333333 0.36354166666666665 0.18541666666666667
3 0.4041666666666667 0.2708333333333333 0.109375 0.11666666666666667
3 0.5583333333333333 0.3 0.125 0.1375
3 0.7791666666666667 0.396875 0.140625 0.16875