1 0.23125 0.5677083333333334 0.2375 0.2708333333333333
1 0.3645833333333333 0.4979166666666667 0.06979166666666667 0.09270833333333334
1 0.38333333333333336 0.471875 0.057291666666666664 0.059375
1 0.11770833333333333 0.490625 0.034375 0.065625
3 0.396875 0.4197916666666667 0.08020833333333334 0.09479166666666666
1 0.01875 0.5104166666666666 0.0375 0.10416666666666667
1 0.35104166666666664 0.4354166666666667 0.016666666666666666 0.034375
1 0.3375 0.4354166666666667 0.017708333333333333 0.023958333333333335
1 0.45729166666666665 0.4270833333333333 0.007291666666666667 0.017708333333333333
1 0.46041666666666664 0.4197916666666667 0.009375 0.014583333333333334
3 0.225 0.5614583333333333 0.25 0.2708333333333333