2 0.18541666666666667 0.6677083333333333 0.37083333333333335 0.30104166666666665
2 0.371875 0.6895833333333333 0.1 0.17395833333333333
2 0.8729166666666667 0.671875 0.24166666666666667 0.15104166666666666
2 0.43125 0.6958333333333333 0.065625 0.125
2 0.7260416666666667 0.696875 0.07291666666666667 0.084375
2 0.5927083333333333 0.6979166666666666 0.041666666666666664 0.05625
2 0.6572916666666667 0.6958333333333333 0.06458333333333334 0.07083333333333333
2 0.6197916666666666 0.696875 0.03333333333333333 0.059375
2 0.46041666666666664 0.69375 0.096875 0.09166666666666666
2 0.684375 0.7020833333333333 0.040625 0.06770833333333333
2 0.734375 0.7020833333333333 0.057291666666666664 0.075
2 0.9645833333333333 0.665625 0.06666666666666667 0.051041666666666666