1 0.5833333333333334 0.6708333333333333 0.04583333333333333 0.04375
1 0.7302083333333333 0.6739583333333333 0.08229166666666667 0.090625
1 0.9166666666666666 0.6979166666666666 0.165625 0.22395833333333334
1 0.6697916666666667 0.6708333333333333 0.042708333333333334 0.04895833333333333
1 0.5760416666666667 0.6197916666666666 0.026041666666666668 0.028125
1 0.5375 0.60625 0.020833333333333332 0.01875
1 0.5541666666666667 0.6020833333333333 0.016666666666666666 0.020833333333333332
1 0.284375 0.6677083333333333 0.04895833333333333 0.042708333333333334
1 0.2604166666666667 0.6458333333333334 0.019791666666666666 0.019791666666666666
1 0.2708333333333333 0.6395833333333333 0.01875 0.017708333333333333
1 0.8239583333333333 0.68125 0.04791666666666667 0.065625
1 0.31145833333333334 0.65 0.023958333333333335 0.025
1 0.6770833333333334 0.6229166666666667 0.027083333333333334 0.022916666666666665
1 0.42604166666666665 0.6166666666666667 0.4479166666666667 0.0875