1 0.5 0.834375 0.9958333333333333 0.303125
1 0.46458333333333335 0.7125 0.6739583333333333 0.378125
1 0.8625 0.5875 0.2708333333333333 0.17083333333333334
1 0.35833333333333334 0.5458333333333333 0.3458333333333333 0.109375
1 0.353125 0.4822916666666667 0.18125 0.034375
1 0.15 0.46875 0.1 0.027083333333333334
1 0.953125 0.49895833333333334 0.08854166666666667 0.03958333333333333
1 0.934375 0.48333333333333334 0.12604166666666666 0.040625
0 0.60625 0.4479166666666667 0.4125 0.221875
2 0.10833333333333334 0.628125 0.1625 0.20729166666666668
0 0.321875 0.434375 0.1375 0.0625
2 0.03958333333333333 0.6364583333333333 0.07604166666666666 0.15208333333333332