1 0.2916666666666667 0.2708333333333333 0.5802083333333333 0.3927083333333333
1 0.5739583333333333 0.22604166666666667 0.175 0.15520833333333334
1 0.7541666666666667 0.23541666666666666 0.18333333333333332 0.10625
1 0.915625 0.25416666666666665 0.165625 0.11875
1 0.6791666666666667 0.20520833333333333 0.03854166666666667 0.051041666666666666
2 0.46145833333333336 0.21354166666666666 0.06979166666666667 0.11770833333333333
3 0.2947916666666667 0.28541666666666665 0.5833333333333334 0.4322916666666667
3 0.45416666666666666 0.14375 0.016666666666666666 0.04895833333333333
1 0.85625 0.209375 0.042708333333333334 0.040625
1 0.15208333333333332 0.240625 0.029166666666666667 0.05416666666666667
1 0.009375 0.16666666666666666 0.01875 0.04479166666666667
1 0.7979166666666667 0.38958333333333334 0.328125 0.26458333333333334