1 0.5010416666666667 0.5447916666666667 0.7645833333333333 0.5791666666666667
1 0.159375 0.303125 0.2625 0.19270833333333334
1 0.3333333333333333 0.24166666666666667 0.14583333333333334 0.10416666666666667
1 0.7510416666666667 0.24375 0.08541666666666667 0.09791666666666667
2 0.052083333333333336 0.5302083333333333 0.10416666666666667 0.26145833333333335
0 0.15416666666666667 0.14375 0.3 0.2604166666666667
2 0.027083333333333334 0.303125 0.05416666666666667 0.16458333333333333
1 0.875 0.3072916666666667 0.246875 0.19166666666666668
1 0.453125 0.225 0.096875 0.059375
1 0.6875 0.259375 0.090625 0.11354166666666667
2 0.846875 0.4270833333333333 0.253125 0.19895833333333332