2 0.37083333333333335 0.9614583333333333 0.096875 0.075
2 0.45 0.9625 0.0625 0.06979166666666667
3 0.790625 0.759375 0.16041666666666668 0.08958333333333333
2 0.5104166666666666 0.965625 0.07291666666666667 0.06354166666666666
2 0.6395833333333333 0.9729166666666667 0.05 0.04895833333333333
2 0.7010416666666667 0.9791666666666666 0.0375 0.040625
2 0.28229166666666666 0.959375 0.07708333333333334 0.07708333333333334
2 0.3104166666666667 0.9708333333333333 0.065625 0.05416666666666667
2 0.5489583333333333 0.975 0.041666666666666664 0.04479166666666667
3 0.25104166666666666 0.7208333333333333 0.12395833333333334 0.10416666666666667
2 0.39895833333333336 0.9864583333333333 0.052083333333333336 0.022916666666666665