2 0.35 0.221875 0.7 0.19166666666666668
2 0.453125 0.5010416666666667 0.90625 0.12291666666666666
2 0.33125 0.428125 0.6489583333333333 0.14791666666666667
2 0.33125 0.36666666666666664 0.6552083333333333 0.128125
2 0.5166666666666667 0.5479166666666667 0.8822916666666667 0.12916666666666668
2 0.39895833333333336 0.22291666666666668 0.621875 0.08854166666666667
2 0.3541666666666667 0.28125 0.6916666666666667 0.13125
2 0.46458333333333335 0.71875 0.6041666666666666 0.2520833333333333
2 0.415625 0.13854166666666667 0.2875 0.042708333333333334
2 0.353125 0.17916666666666667 0.5572916666666666 0.12395833333333334
2 0.39479166666666665 0.1625 0.38958333333333334 0.059375
2 0.3625 0.17291666666666666 0.46145833333333336 0.090625
2 0.49895833333333334 0.4791666666666667 0.996875 0.9583333333333334