1 0.625 0.6270833333333333 0.13333333333333333 0.16770833333333332
1 0.603125 0.4625 0.07395833333333333 0.11354166666666667
1 0.43333333333333335 0.7104166666666667 0.159375 0.18645833333333334
1 0.46979166666666666 0.4239583333333333 0.07083333333333333 0.0875
1 0.39479166666666665 0.35208333333333336 0.046875 0.05
1 0.6739583333333333 0.5125 0.11041666666666666 0.14791666666666667
1 0.5104166666666666 0.259375 0.03854166666666667 0.04583333333333333
1 0.7541666666666667 0.35520833333333335 0.046875 0.05416666666666667
1 0.5166666666666667 0.5166666666666667 0.13229166666666667 0.153125
0 0.5989583333333334 0.20520833333333333 0.10104166666666667 0.08333333333333333
1 0.878125 0.28020833333333334 0.028125 0.03958333333333333
1 0.3458333333333333 0.884375 0.32083333333333336 0.228125
1 0.384375 0.39895833333333336 0.05416666666666667 0.06458333333333334
1 0.33958333333333335 0.32083333333333336 0.046875 0.06458333333333334
1 0.603125 0.40208333333333335 0.671875 0.46458333333333335