1 0.13020833333333334 0.4114583333333333 0.08854166666666667 0.06875
1 0.19791666666666666 0.409375 0.058333333333333334 0.04895833333333333
1 0.22916666666666666 0.40625 0.034375 0.04583333333333333
1 0.32395833333333335 0.3854166666666667 0.022916666666666665 0.025
1 0.24479166666666666 0.40625 0.029166666666666667 0.03958333333333333
1 0.26145833333333335 0.40520833333333334 0.021875 0.030208333333333334
1 0.28125 0.40208333333333335 0.022916666666666665 0.026041666666666668
1 0.290625 0.39791666666666664 0.023958333333333335 0.026041666666666668
1 0.35104166666666664 0.41041666666666665 0.0375 0.041666666666666664
1 0.37604166666666666 0.3958333333333333 0.01875 0.021875
1 0.27708333333333335 0.40625 0.011458333333333333 0.027083333333333334