1 0.4083333333333333 0.46041666666666664 0.140625 0.14270833333333333
1 0.6708333333333333 0.409375 0.06666666666666667 0.07395833333333333
1 0.9895833333333334 0.42083333333333334 0.01875 0.1
1 0.490625 0.39479166666666665 0.06770833333333333 0.0625
1 0.43125 0.38645833333333335 0.04895833333333333 0.04791666666666667
1 0.553125 0.39791666666666664 0.07083333333333333 0.06354166666666666
1 0.1875 0.4270833333333333 0.07916666666666666 0.09375
1 0.7364583333333333 0.4114583333333333 0.035416666666666666 0.078125
1 0.38958333333333334 0.37604166666666666 0.05 0.03229166666666667
1 0.925 0.425 0.12083333333333333 0.09166666666666666
1 0.971875 0.6041666666666666 0.053125 0.30416666666666664
1 0.22395833333333334 0.38125 0.036458333333333336 0.035416666666666666
2 0.6208333333333333 0.42916666666666664 0.053125 0.04479166666666667