1 0.09375 0.5541666666666667 0.029166666666666667 0.023958333333333335
1 0.013541666666666667 0.5739583333333333 0.026041666666666668 0.06979166666666667
1 0.12291666666666666 0.5458333333333333 0.027083333333333334 0.03229166666666667
1 0.18958333333333333 0.53125 0.0125 0.016666666666666666
1 0.14375 0.5427083333333333 0.017708333333333333 0.023958333333333335
1 0.25625 0.540625 0.015625 0.019791666666666666
3 0.5614583333333333 0.5395833333333333 0.2791666666666667 0.3
3 0.7833333333333333 0.5875 0.18125 0.13229166666666667
3 0.9291666666666667 0.5729166666666666 0.13958333333333334 0.14166666666666666
1 0.03854166666666667 0.56875 0.035416666666666666 0.053125
1 0.34270833333333334 0.5708333333333333 0.051041666666666666 0.051041666666666666
1 0.16979166666666667 0.53125 0.0125 0.011458333333333333
1 0.15416666666666667 0.5385416666666667 0.0125 0.020833333333333332
1 0.18541666666666667 0.5125 0.007291666666666667 0.009375
1 0.22916666666666666 0.51875 0.10416666666666667 0.046875