1 0.19895833333333332 0.934375 0.12083333333333333 0.12708333333333333
1 0.06145833333333333 0.9479166666666666 0.12291666666666666 0.09895833333333333
0 0.26979166666666665 0.6791666666666667 0.53125 0.25625
0 0.8854166666666666 0.6020833333333333 0.225 0.115625
0 0.28125 0.48333333333333334 0.20208333333333334 0.051041666666666666
0 0.3104166666666667 0.5385416666666667 0.203125 0.08645833333333333
0 0.725 0.50625 0.22604166666666667 0.05625
0 0.8864583333333333 0.6260416666666667 0.159375 0.07916666666666666
1 0.5041666666666667 0.9270833333333334 0.153125 0.14166666666666666
1 0.9270833333333334 0.5 0.06770833333333333 0.035416666666666666
1 0.871875 0.49270833333333336 0.0375 0.03333333333333333
0 0.5947916666666667 0.509375 0.18541666666666667 0.06875
0 0.014583333333333334 0.4947916666666667 0.029166666666666667 0.09375
3 0.50625 0.9270833333333334 0.146875 0.14166666666666666