1 0.5104166666666666 0.9770833333333333 0.084375 0.03958333333333333
1 0.45208333333333334 0.8885416666666667 0.06354166666666666 0.06354166666666666
1 0.4322916666666667 0.8697916666666666 0.06041666666666667 0.051041666666666666
1 0.40729166666666666 0.8239583333333333 0.06770833333333333 0.07083333333333333
1 0.3958333333333333 0.784375 0.06458333333333334 0.058333333333333334
1 0.38333333333333336 0.7666666666666667 0.046875 0.036458333333333336
1 0.36354166666666665 0.7395833333333334 0.03958333333333333 0.04375
1 0.346875 0.696875 0.036458333333333336 0.03125
1 0.3802083333333333 0.753125 0.058333333333333334 0.05625
1 0.49166666666666664 0.9708333333333333 0.0625 0.05416666666666667
1 0.47604166666666664 0.95 0.06145833333333333 0.06354166666666666
1 0.28958333333333336 0.5854166666666667 0.03125 0.027083333333333334
1 0.30625 0.6239583333333333 0.040625 0.023958333333333335
1 0.33958333333333335 0.6697916666666667 0.21875 0.3885416666666667