1 0.9458333333333333 0.7739583333333333 0.10416666666666667 0.315625
1 0.7552083333333334 0.7697916666666667 0.31145833333333334 0.30833333333333335
1 0.7822916666666667 0.5239583333333333 0.2625 0.21666666666666667
1 0.5104166666666666 0.7552083333333334 0.17604166666666668 0.17708333333333334
1 0.5572916666666666 0.5677083333333334 0.20625 0.17291666666666666
1 0.3885416666666667 0.7583333333333333 0.11979166666666667 0.16354166666666667
1 0.4354166666666667 0.6020833333333333 0.12083333333333333 0.14375
1 0.29375 0.7802083333333333 0.09583333333333334 0.13020833333333334
1 0.33958333333333335 0.6208333333333333 0.075 0.096875
1 0.22708333333333333 0.79375 0.0625 0.10208333333333333
1 0.2833333333333333 0.6447916666666667 0.058333333333333334 0.09270833333333334
1 0.17083333333333334 0.8 0.052083333333333336 0.090625