1 0.3125 0.7760416666666666 0.04791666666666667 0.04895833333333333
1 0.39791666666666664 0.765625 0.026041666666666668 0.028125
1 0.33125 0.7635416666666667 0.036458333333333336 0.03333333333333333
2 0.6875 0.8260416666666667 0.029166666666666667 0.078125
2 0.74375 0.8802083333333334 0.04583333333333333 0.10208333333333333
2 0.07916666666666666 0.928125 0.140625 0.13958333333333334
1 0.3489583333333333 0.759375 0.026041666666666668 0.03854166666666667
3 0.7833333333333333 0.7854166666666667 0.10625 0.16145833333333334
2 0.26458333333333334 0.8427083333333333 0.046875 0.07291666666666667
1 0.6708333333333333 0.784375 0.078125 0.06875
1 0.09375 0.8104166666666667 0.05 0.04479166666666667
1 0.3697916666666667 0.7635416666666667 0.01875 0.03958333333333333
2 0.3614583333333333 0.8177083333333334 0.041666666666666664 0.022916666666666665