1 0.7927083333333333 0.83125 0.04895833333333333 0.046875
1 0.8322916666666667 0.8302083333333333 0.046875 0.0375
1 0.4635416666666667 0.821875 0.023958333333333335 0.023958333333333335
1 0.4791666666666667 0.81875 0.027083333333333334 0.027083333333333334
3 0.8895833333333333 0.8229166666666666 0.06145833333333333 0.05520833333333333
3 0.7645833333333333 0.8104166666666667 0.04583333333333333 0.03958333333333333
1 0.8458333333333333 0.8010416666666667 0.03958333333333333 0.03125
1 0.6052083333333333 0.8291666666666667 0.027083333333333334 0.03854166666666667
1 0.5947916666666667 0.8072916666666666 0.010416666666666666 0.020833333333333332
1 0.8916666666666667 0.7927083333333333 0.036458333333333336 0.021875
3 0.503125 0.815625 0.035416666666666666 0.0375
1 0.940625 0.8260416666666667 0.051041666666666666 0.042708333333333334