1 0.18229166666666666 0.9677083333333333 0.190625 0.042708333333333334
1 0.44583333333333336 0.9322916666666666 0.13541666666666666 0.12604166666666666
1 0.7291666666666666 0.8885416666666667 0.042708333333333334 0.03229166666666667
1 0.7802083333333333 0.8927083333333333 0.04375 0.05520833333333333
0 0.13645833333333332 0.9041666666666667 0.2677083333333333 0.16979166666666667
0 0.7333333333333333 0.8552083333333333 0.053125 0.04583333333333333
1 0.7666666666666667 0.86875 0.029166666666666667 0.0375
1 0.8364583333333333 0.853125 0.021875 0.027083333333333334
3 0.63125 0.90625 0.08541666666666667 0.084375
1 0.8083333333333333 0.875 0.03125 0.03333333333333333
1 0.9791666666666666 0.8947916666666667 0.03958333333333333 0.06145833333333333