1 0.890625 0.6229166666666667 0.165625 0.184375
1 0.22708333333333333 0.6114583333333333 0.25416666666666665 0.13958333333333334
1 0.04479166666666667 0.6927083333333334 0.08958333333333333 0.25
2 0.5572916666666666 0.8145833333333333 0.15520833333333334 0.29375
2 0.6645833333333333 0.759375 0.10520833333333333 0.16979166666666667
2 0.7645833333333333 0.6927083333333334 0.08854166666666667 0.16979166666666667
2 0.43333333333333335 0.73125 0.18333333333333332 0.16354166666666667
3 0.22604166666666667 0.6083333333333333 0.2520833333333333 0.140625
1 0.759375 0.63125 0.15416666666666667 0.140625
1 0.44166666666666665 0.6177083333333333 0.1875 0.11354166666666667
3 0.04583333333333333 0.6979166666666666 0.09166666666666666 0.25