0 0.6072916666666667 0.24791666666666667 0.1 0.23125
0 0.46979166666666666 0.11770833333333333 0.036458333333333336 0.075
0 0.35104166666666664 0.24791666666666667 0.10208333333333333 0.18229166666666666
3 0.328125 0.6479166666666667 0.14791666666666667 0.31145833333333334
1 0.5260416666666666 0.6145833333333334 0.10208333333333333 0.18854166666666666
1 0.38958333333333334 0.4479166666666667 0.08541666666666667 0.10729166666666666
1 0.41770833333333335 0.38229166666666664 0.06458333333333334 0.09791666666666667
1 0.4322916666666667 0.328125 0.05520833333333333 0.075
1 0.5333333333333333 0.47604166666666664 0.08333333333333333 0.128125
1 0.42083333333333334 0.16979166666666667 0.023958333333333335 0.035416666666666666
1 0.14791666666666667 0.615625 0.15520833333333334 0.20625
2 0.6375 0.74375 0.03125 0.10729166666666666
2 0.521875 0.8520833333333333 0.05625 0.14479166666666668
2 0.7916666666666666 0.865625 0.06458333333333334 0.19375
0 0.5697916666666667 0.17395833333333333 0.06666666666666667 0.18645833333333334
0 0.6083333333333333 0.11770833333333333 0.052083333333333336 0.06875
3 0.4625 0.15208333333333332 0.028125 0.0375
1 0.5177083333333333 0.3697916666666667 0.057291666666666664 0.084375
1 0.440625 0.27291666666666664 0.046875 0.06770833333333333
1 0.5260416666666666 0.24895833333333334 0.041666666666666664 0.065625
1 0.6270833333333333 0.46145833333333336 0.06979166666666667 0.12083333333333333
2 0.10625 0.7770833333333333 0.06979166666666667 0.125
2 0.8697916666666666 0.8645833333333334 0.06770833333333333 0.13645833333333332
2 0.43645833333333334 0.7541666666666667 0.04895833333333333 0.11145833333333334
2 0.19166666666666668 0.7833333333333333 0.059375 0.1375
2 0.04791666666666667 0.7635416666666667 0.06979166666666667 0.1375
2 0.10520833333333333 0.4166666666666667 0.029166666666666667 0.042708333333333334
2 0.9614583333333333 0.8864583333333333 0.07291666666666667 0.15729166666666666
2 0.6958333333333333 0.7427083333333333 0.046875 0.11666666666666667
2 0.8697916666666666 0.6614583333333334 0.034375 0.09583333333333334
1 0.24375 0.48020833333333335 0.10416666666666667 0.13020833333333334
2 0.8104166666666667 0.65625 0.027083333333333334 0.041666666666666664
0 0.5083333333333333 0.165625 0.04895833333333333 0.09375
3 0.28125 0.36041666666666666 0.09895833333333333 0.15
3 0.44895833333333335 0.21041666666666667 0.040625 0.08125
3 0.734375 0.43645833333333334 0.12395833333333334 0.2125
2 0.5 0.478125 0.996875 0.771875
1 0.47291666666666665 0.359375 0.9375 0.5260416666666666