1 0.484375 0.5229166666666667 0.8135416666666667 0.42916666666666664
1 0.909375 0.26666666666666666 0.06875 0.027083333333333334
1 0.7541666666666667 0.3229166666666667 0.3 0.140625
1 0.559375 0.28020833333333334 0.084375 0.03854166666666667
1 0.5458333333333333 0.27395833333333336 0.08333333333333333 0.05520833333333333
1 0.5114583333333333 0.26458333333333334 0.03333333333333333 0.029166666666666667
1 0.04791666666666667 0.25416666666666665 0.09479166666666666 0.06041666666666667
1 0.915625 0.290625 0.041666666666666664 0.01875
1 0.8385416666666666 0.38645833333333335 0.3177083333333333 0.17395833333333333
1 0.6125 0.28854166666666664 0.14375 0.06041666666666667
1 0.5697916666666667 0.26875 0.08020833333333334 0.022916666666666665
1 0.43854166666666666 0.27291666666666664 0.13541666666666666 0.09583333333333334
1 0.209375 0.2375 0.035416666666666666 0.03229166666666667
1 0.5208333333333334 0.25625 0.95625 0.10416666666666667