1 0.3 0.9322916666666666 0.07916666666666666 0.07083333333333333
1 0.4583333333333333 0.9239583333333333 0.06666666666666667 0.06145833333333333
1 0.40729166666666666 0.9145833333333333 0.05416666666666667 0.05
1 0.475 0.8927083333333333 0.03333333333333333 0.020833333333333332
1 0.51875 0.9041666666666667 0.028125 0.06145833333333333
1 0.5510416666666667 0.91875 0.05416666666666667 0.04479166666666667
1 0.5791666666666667 0.90625 0.025 0.03333333333333333
1 0.5760416666666667 0.8802083333333334 0.021875 0.01875
1 0.6177083333333333 0.9052083333333333 0.03854166666666667 0.0375
1 0.7302083333333333 0.91875 0.053125 0.06354166666666666
1 0.6739583333333333 0.8833333333333333 0.036458333333333336 0.03854166666666667
1 0.790625 0.8833333333333333 0.026041666666666668 0.03333333333333333
1 0.35625 0.9197916666666667 0.053125 0.04895833333333333
1 0.41875 0.89375 0.834375 0.075