1 0.8895833333333333 0.38229166666666664 0.21666666666666667 0.43854166666666666
1 0.60625 0.24479166666666666 0.11458333333333333 0.165625
1 0.42083333333333334 0.265625 0.1 0.11354166666666667
1 0.4739583333333333 0.221875 0.051041666666666666 0.059375
1 0.3875 0.215625 0.04583333333333333 0.052083333333333336
1 0.44166666666666665 0.196875 0.014583333333333334 0.014583333333333334
1 0.5135416666666667 0.20729166666666668 0.03333333333333333 0.028125
1 0.365625 0.209375 0.01875 0.03333333333333333
1 0.490625 0.20104166666666667 0.013541666666666667 0.020833333333333332
3 0.60625 0.23854166666666668 0.1125 0.16354166666666667
1 0.36041666666666666 0.19583333333333333 0.010416666666666666 0.016666666666666666
1 0.45416666666666666 0.19791666666666666 0.016666666666666666 0.020833333333333332