1 0.6333333333333333 0.19375 0.1875 0.08333333333333333
1 0.78125 0.20520833333333333 0.13125 0.05625
1 0.9614583333333333 0.21458333333333332 0.07604166666666666 0.06354166666666666
1 0.9239583333333333 0.17708333333333334 0.078125 0.017708333333333333
1 0.2864583333333333 0.17708333333333334 0.11041666666666666 0.071875
1 0.21770833333333334 0.15729166666666666 0.0875 0.06145833333333333
3 0.06145833333333333 0.11979166666666667 0.121875 0.12291666666666666
3 0.921875 0.17708333333333334 0.08020833333333334 0.01875
1 0.50625 0.175 0.08333333333333333 0.046875
1 0.39895833333333336 0.16979166666666667 0.05416666666666667 0.040625
1 0.740625 0.178125 0.08854166666666667 0.028125