1 0.2760416666666667 0.25104166666666666 0.09479166666666666 0.03229166666666667
1 0.7020833333333333 0.209375 0.03958333333333333 0.015625
1 0.6864583333333333 0.22916666666666666 0.040625 0.028125
1 0.2760416666666667 0.675 0.546875 0.6302083333333334
1 0.46458333333333335 0.4395833333333333 0.3125 0.2989583333333333
1 0.6104166666666667 0.35833333333333334 0.096875 0.14375
1 0.5177083333333333 0.25 0.065625 0.051041666666666666
1 0.09895833333333333 0.3385416666666667 0.196875 0.09895833333333333
1 0.5739583333333333 0.221875 0.03958333333333333 0.035416666666666666
1 0.609375 0.3125 0.13958333333333334 0.11666666666666667
1 0.6697916666666667 0.27291666666666664 0.06875 0.06979166666666667
1 0.5916666666666667 0.21145833333333333 0.042708333333333334 0.0375
1 0.37083333333333335 0.296875 0.12083333333333333 0.08541666666666667
1 0.5072916666666667 0.259375 0.9833333333333333 0.146875