1 0.5010416666666667 0.5177083333333333 0.109375 0.084375
1 0.628125 0.5 0.059375 0.059375
1 0.20520833333333333 0.4895833333333333 0.053125 0.058333333333333334
1 0.4125 0.4791666666666667 0.03958333333333333 0.027083333333333334
2 0.35104166666666664 0.5052083333333334 0.028125 0.04895833333333333
2 0.38333333333333336 0.5020833333333333 0.0375 0.041666666666666664
2 0.41041666666666665 0.5072916666666667 0.016666666666666666 0.03958333333333333
2 0.4354166666666667 0.5104166666666666 0.041666666666666664 0.041666666666666664
2 0.240625 0.5114583333333333 0.06041666666666667 0.04791666666666667
2 0.28854166666666664 0.5104166666666666 0.04375 0.0375
2 0.04895833333333333 0.51875 0.029166666666666667 0.057291666666666664
2 0.7197916666666667 0.5052083333333334 0.017708333333333333 0.0375
2 0.5802083333333333 0.5416666666666666 0.04895833333333333 0.125
2 0.9729166666666667 0.7 0.052083333333333336 0.09583333333333334
2 0.55 0.4864583333333333 0.008333333333333333 0.020833333333333332
1 0.5989583333333334 0.465625 0.019791666666666666 0.020833333333333332
2 0.9604166666666667 0.5947916666666667 0.075 0.13541666666666666
2 0.5177083333333333 0.5260416666666666 0.6666666666666666 0.14375