1 0.3260416666666667 0.9166666666666666 0.13541666666666666 0.1625
0 0.21875 0.7520833333333333 0.23229166666666667 0.16770833333333332
0 0.0625 0.7020833333333333 0.096875 0.10833333333333334
0 0.3802083333333333 0.7239583333333334 0.21145833333333333 0.11666666666666667
0 0.41354166666666664 0.70625 0.2635416666666667 0.11875
0 0.634375 0.6729166666666667 0.2 0.09479166666666666
0 0.4427083333333333 0.6875 0.29791666666666666 0.13229166666666667
3 0.6395833333333333 0.8822916666666667 0.14895833333333333 0.16458333333333333
1 0.9708333333333333 0.6760416666666667 0.05416666666666667 0.052083333333333336
3 0.834375 0.6302083333333334 0.08020833333333334 0.06458333333333334
1 0.9104166666666667 0.6052083333333333 0.027083333333333334 0.023958333333333335
1 0.8791666666666667 0.609375 0.030208333333333334 0.026041666666666668
1 0.2760416666666667 0.6052083333333333 0.013541666666666667 0.03125
1 0.9895833333333334 0.6166666666666667 0.019791666666666666 0.022916666666666665
0 0.446875 0.6322916666666667 0.10833333333333334 0.026041666666666668