1 0.020833333333333332 0.6489583333333333 0.041666666666666664 0.065625
1 0.15729166666666666 0.6416666666666667 0.051041666666666666 0.041666666666666664
1 0.5197916666666667 0.640625 0.075 0.03333333333333333
1 0.12604166666666666 0.6291666666666667 0.022916666666666665 0.015625
1 0.5947916666666667 0.64375 0.06875 0.022916666666666665
1 0.103125 0.6322916666666667 0.036458333333333336 0.014583333333333334
1 0.9229166666666667 0.6354166666666666 0.08958333333333333 0.029166666666666667
1 0.35 0.625 0.0125 0.017708333333333333
1 0.44166666666666665 0.646875 0.07916666666666666 0.027083333333333334
1 0.04583333333333333 0.6270833333333333 0.015625 0.014583333333333334
1 0.19375 0.6322916666666667 0.023958333333333335 0.014583333333333334
1 0.21041666666666667 0.6364583333333333 0.014583333333333334 0.022916666666666665
1 0.33958333333333335 0.6333333333333333 0.6375 0.07083333333333333