1 0.035416666666666666 0.6552083333333333 0.029166666666666667 0.03229166666666667
1 0.2375 0.6583333333333333 0.040625 0.040625
1 0.534375 0.66875 0.08541666666666667 0.04479166666666667
1 0.175 0.6333333333333333 0.058333333333333334 0.030208333333333334
1 0.19583333333333333 0.6541666666666667 0.06041666666666667 0.03958333333333333
1 0.28229166666666666 0.659375 0.051041666666666666 0.035416666666666666
1 0.9729166666666667 0.6760416666666667 0.053125 0.03854166666666667
1 0.41770833333333335 0.6645833333333333 0.03958333333333333 0.03854166666666667
1 0.28020833333333334 0.63125 0.0625 0.020833333333333332
3 0.19791666666666666 0.65 0.058333333333333334 0.051041666666666666
3 0.27291666666666664 0.634375 0.042708333333333334 0.01875
3 0.25104166666666666 0.6229166666666667 0.06979166666666667 0.035416666666666666
1 0.4510416666666667 0.6604166666666667 0.04479166666666667 0.03958333333333333
1 0.309375 0.6583333333333333 0.05416666666666667 0.04479166666666667