1 0.44895833333333335 0.7041666666666667 0.028125 0.04791666666666667
1 0.409375 0.6927083333333334 0.016666666666666666 0.030208333333333334
1 0.39791666666666664 0.6895833333333333 0.0125 0.025
2 0.5145833333333333 0.7989583333333333 0.03958333333333333 0.11145833333333334
1 0.43333333333333335 0.7 0.017708333333333333 0.036458333333333336
1 0.3885416666666667 0.6864583333333333 0.015625 0.025
1 0.42083333333333334 0.6979166666666666 0.017708333333333333 0.03333333333333333
2 0.48854166666666665 0.728125 0.03958333333333333 0.053125
2 0.55625 0.765625 0.028125 0.04895833333333333
2 0.6416666666666667 0.765625 0.08333333333333333 0.12083333333333333
2 0.6135416666666667 0.7552083333333334 0.08125 0.09166666666666666
2 0.5854166666666667 0.7552083333333334 0.059375 0.08333333333333333
1 0.3541666666666667 0.6802083333333333 0.016666666666666666 0.017708333333333333
1 0.36875 0.6833333333333333 0.010416666666666666 0.014583333333333334