1 0.12291666666666666 0.575 0.24479166666666666 0.1625
1 0.06354166666666666 0.46875 0.12604166666666666 0.08125
1 0.4510416666666667 0.4666666666666667 0.13958333333333334 0.0875
1 0.38645833333333335 0.50625 0.071875 0.10729166666666666
1 0.44375 0.39479166666666665 0.09375 0.04583333333333333
1 0.5 0.3729166666666667 0.08229166666666667 0.051041666666666666
1 0.23020833333333332 0.9135416666666667 0.44895833333333335 0.153125
1 0.484375 0.4270833333333333 0.0625 0.04791666666666667
1 0.21979166666666666 0.4 0.10833333333333334 0.03854166666666667
1 0.6208333333333333 0.37395833333333334 0.090625 0.040625
1 0.24583333333333332 0.5208333333333334 0.2552083333333333 0.17395833333333333
1 0.17395833333333333 0.44583333333333336 0.16145833333333334 0.084375
3 0.58125 0.28541666666666665 0.05520833333333333 0.052083333333333336
1 0.534375 0.334375 0.058333333333333334 0.03125
3 0.5635416666666667 0.31145833333333334 0.05520833333333333 0.035416666666666666
3 0.3489583333333333 0.409375 0.18645833333333334 0.06979166666666667
1 0.340625 0.5177083333333333 0.675 0.45625