3 0.128125 0.5364583333333334 0.10833333333333334 0.12916666666666668
1 0.7447916666666666 0.6197916666666666 0.109375 0.134375
1 0.9354166666666667 0.66875 0.125 0.14270833333333333
1 0.05520833333333333 0.6072916666666667 0.10416666666666667 0.171875
3 0.06041666666666667 0.60625 0.09583333333333334 0.1625
3 0.6510416666666666 0.6020833333333333 0.10729166666666666 0.13125
1 0.8583333333333333 0.6552083333333333 0.10833333333333334 0.12604166666666666
1 0.7885416666666667 0.640625 0.11041666666666666 0.11770833333333333
1 0.03854166666666667 0.6489583333333333 0.07708333333333334 0.23333333333333334
1 0.5 0.646875 0.996875 0.23854166666666668
1 0.23125 0.44895833333333335 0.015625 0.023958333333333335
1 0.08645833333333333 0.4864583333333333 0.0375 0.041666666666666664
1 0.19166666666666668 0.5041666666666667 0.023958333333333335 0.041666666666666664
1 0.646875 0.603125 0.10104166666666667 0.13229166666666667
1 0.1 0.4666666666666667 0.019791666666666666 0.016666666666666666