1 0.7135416666666666 0.9697916666666667 0.11041666666666666 0.05625
1 0.4166666666666667 0.9895833333333334 0.10833333333333334 0.016666666666666666
1 0.19791666666666666 0.984375 0.09375 0.026041666666666668
1 0.603125 0.9739583333333334 0.03958333333333333 0.051041666666666666
1 0.384375 0.9645833333333333 0.09375 0.06666666666666667
1 0.640625 0.9708333333333333 0.06458333333333334 0.057291666666666664
1 0.8229166666666666 0.9666666666666667 0.11666666666666667 0.065625
1 0.48854166666666665 0.9729166666666667 0.030208333333333334 0.05
1 0.24583333333333332 0.9770833333333333 0.026041666666666668 0.023958333333333335
1 0.475 0.9708333333333333 0.017708333333333333 0.0375
1 0.23333333333333334 0.984375 0.05416666666666667 0.027083333333333334