1 0.8875 0.8833333333333333 0.04895833333333333 0.07083333333333333
1 0.9197916666666667 0.9572916666666667 0.058333333333333334 0.07708333333333334
1 0.8604166666666667 0.85 0.042708333333333334 0.052083333333333336
2 0.7895833333333333 0.7739583333333333 0.030208333333333334 0.030208333333333334
1 0.8385416666666666 0.8166666666666667 0.03958333333333333 0.04895833333333333
1 0.815625 0.8020833333333334 0.030208333333333334 0.03958333333333333
1 0.415625 0.9625 0.07083333333333333 0.06979166666666667
1 0.7552083333333334 0.75 0.020833333333333332 0.03125
1 0.7677083333333333 0.7572916666666667 0.023958333333333335 0.034375
1 0.8677083333333333 0.8677083333333333 0.027083333333333334 0.042708333333333334
1 0.825 0.8083333333333333 0.026041666666666668 0.040625
1 0.9375 0.9697916666666667 0.0625 0.05625