0 0.103125 0.65 0.20625 0.2791666666666667
0 0.3260416666666667 0.6333333333333333 0.125 0.06354166666666666
1 0.596875 0.6333333333333333 0.052083333333333336 0.041666666666666664
1 0.9572916666666667 0.6427083333333333 0.04375 0.071875
1 0.7177083333333333 0.6208333333333333 0.05625 0.034375
1 0.89375 0.6302083333333334 0.09375 0.06458333333333334
2 0.34375 0.834375 0.11875 0.17604166666666668
2 0.22395833333333334 0.784375 0.10729166666666666 0.10416666666666667
2 0.746875 0.7125 0.065625 0.08333333333333333
2 0.534375 0.7791666666666667 0.04895833333333333 0.10104166666666667
2 0.5770833333333333 0.7052083333333333 0.026041666666666668 0.05625
2 0.9072916666666667 0.7125 0.10625 0.09166666666666666
2 0.6177083333333333 0.74375 0.06458333333333334 0.10625
2 0.4083333333333333 0.80625 0.052083333333333336 0.11666666666666667
2 0.5916666666666667 0.7083333333333334 0.027083333333333334 0.026041666666666668
2 0.19166666666666668 0.7416666666666667 0.022916666666666665 0.026041666666666668
2 0.6677083333333333 0.6604166666666667 0.04583333333333333 0.0625
2 0.6989583333333333 0.653125 0.028125 0.041666666666666664