1 0.684375 0.5197916666666667 0.265625 0.13020833333333334
1 0.9166666666666666 0.521875 0.1625 0.16875
1 0.828125 0.546875 0.03958333333333333 0.11666666666666667
1 0.515625 0.3020833333333333 0.10520833333333333 0.05625
0 0.6677083333333333 0.4354166666666667 0.6 0.20729166666666668
0 0.14583333333333334 0.4395833333333333 0.28854166666666664 0.23125
0 0.3229166666666667 0.428125 0.08854166666666667 0.18229166666666666
1 0.7833333333333333 0.4552083333333333 0.171875 0.08020833333333334
0 0.15104166666666666 0.2875 0.11354166666666667 0.08229166666666667
1 0.790625 0.484375 0.040625 0.046875
1 0.828125 0.5041666666666667 0.07395833333333333 0.08541666666666667