1 0.24479166666666666 0.628125 0.46979166666666666 0.303125
1 0.6125 0.5489583333333333 0.08333333333333333 0.10520833333333333
1 0.64375 0.5229166666666667 0.07395833333333333 0.06979166666666667
1 0.6875 0.5302083333333333 0.035416666666666666 0.06979166666666667
1 0.06354166666666666 0.5041666666666667 0.096875 0.084375
1 0.38333333333333336 0.51875 0.09166666666666666 0.075
1 0.4270833333333333 0.5072916666666667 0.06666666666666667 0.057291666666666664
0 0.6364583333333333 0.475 0.06875 0.034375
1 0.70625 0.521875 0.025 0.04583333333333333
1 0.6947916666666667 0.49895833333333334 0.046875 0.034375
1 0.059375 0.5760416666666667 0.090625 0.08645833333333333
1 0.5135416666666667 0.5635416666666667 0.19479166666666667 0.15520833333333334