3 0.61875 0.23125 0.16979166666666667 0.14895833333333333
3 0.8458333333333333 0.378125 0.19583333333333333 0.209375
3 0.421875 0.13333333333333333 0.06458333333333334 0.08020833333333334
3 0.346875 0.09166666666666666 0.07708333333333334 0.08333333333333333
1 0.9520833333333333 0.653125 0.09166666666666666 0.10208333333333333
1 0.715625 0.5291666666666667 0.10208333333333333 0.08229166666666667
1 0.69375 0.4375 0.084375 0.07395833333333333
1 0.465625 0.30625 0.06458333333333334 0.051041666666666666
1 0.46875 0.27291666666666664 0.04895833333333333 0.040625
1 0.37604166666666666 0.18229166666666666 0.04375 0.042708333333333334
1 0.3416666666666667 0.15208333333333332 0.04479166666666667 0.03854166666666667
3 0.5833333333333334 0.3260416666666667 0.10520833333333333 0.12083333333333333
3 0.7833333333333333 0.434375 0.103125 0.07083333333333333
3 0.29583333333333334 0.7677083333333333 0.10833333333333334 0.153125
3 0.18020833333333333 0.47604166666666664 0.10729166666666666 0.18125
3 0.06354166666666666 0.5125 0.10520833333333333 0.165625
3 0.11875 0.203125 0.057291666666666664 0.078125
3 0.013541666666666667 0.1625 0.025 0.09791666666666667
1 0.08125 0.2604166666666667 0.040625 0.04375
1 0.15 0.271875 0.04791666666666667 0.06458333333333334
1 0.16979166666666667 0.41875 0.06041666666666667 0.065625
1 0.1625 0.36666666666666664 0.052083333333333336 0.065625
0 0.134375 0.7833333333333333 0.2125 0.42916666666666664
3 0.046875 0.4125 0.08541666666666667 0.12916666666666668
1 0.5708333333333333 0.984375 0.10416666666666667 0.027083333333333334
3 0.42291666666666666 0.5 0.84375 0.9958333333333333
1 0.26666666666666666 0.11666666666666667 0.08125 0.075