1 0.590625 0.7083333333333334 0.04479166666666667 0.022916666666666665
1 0.5041666666666667 0.709375 0.04583333333333333 0.023958333333333335
1 0.6635416666666667 0.7020833333333333 0.0375 0.017708333333333333
1 0.159375 0.7177083333333333 0.05520833333333333 0.030208333333333334
1 0.065625 0.7229166666666667 0.09375 0.04479166666666667
1 0.546875 0.7020833333333333 0.0375 0.026041666666666668
1 0.3333333333333333 0.70625 0.0375 0.022916666666666665
1 0.3541666666666667 0.7072916666666667 0.035416666666666666 0.017708333333333333
1 0.38125 0.6958333333333333 0.071875 0.021875
1 0.6333333333333333 0.6791666666666667 0.03125 0.011458333333333333
1 0.6125 0.7020833333333333 0.030208333333333334 0.022916666666666665
1 0.5635416666666667 0.703125 0.017708333333333333 0.019791666666666666
1 0.2552083333333333 0.7145833333333333 0.08645833333333333 0.027083333333333334
1 0.5520833333333334 0.690625 0.28020833333333334 0.040625