1 0.228125 0.25104166666666666 0.45 0.29791666666666666
1 0.6291666666666667 0.16145833333333334 0.228125 0.20520833333333333
2 0.46458333333333335 0.6614583333333334 0.22708333333333333 0.3614583333333333
1 0.096875 0.146875 0.19270833333333334 0.15625
1 0.6927083333333334 0.09895833333333333 0.11145833333333334 0.11770833333333333
1 0.85625 0.08020833333333334 0.14791666666666667 0.05520833333333333
1 0.7885416666666667 0.05 0.04895833333333333 0.036458333333333336
1 0.5947916666666667 0.08541666666666667 0.121875 0.08020833333333334
1 0.5635416666666667 0.06041666666666667 0.014583333333333334 0.040625
1 0.8229166666666666 0.034375 0.022916666666666665 0.019791666666666666
3 0.384375 0.08854166666666667 0.3614583333333333 0.17604166666666668
1 0.22708333333333333 0.71875 0.45416666666666666 0.534375