1 0.075 0.4635416666666667 0.15 0.16458333333333333
1 0.24895833333333334 0.44375 0.034375 0.029166666666666667
1 0.19895833333333332 0.440625 0.019791666666666666 0.030208333333333334
1 0.44583333333333336 0.446875 0.01875 0.023958333333333335
3 0.07395833333333333 0.46041666666666664 0.14791666666666667 0.1625
1 0.665625 0.46145833333333336 0.078125 0.04479166666666667
3 0.3177083333333333 0.4635416666666667 0.11145833333333334 0.08125
1 0.46145833333333336 0.446875 0.020833333333333332 0.017708333333333333
1 0.421875 0.44479166666666664 0.035416666666666666 0.029166666666666667
1 0.6052083333333333 0.46145833333333336 0.023958333333333335 0.03854166666666667
1 0.27291666666666664 0.4395833333333333 0.01875 0.028125
1 0.36770833333333336 0.45 0.025 0.041666666666666664
1 0.5458333333333333 0.44895833333333335 0.023958333333333335 0.016666666666666666
1 0.21875 0.4427083333333333 0.035416666666666666 0.029166666666666667