1 0.140625 0.6354166666666666 0.06666666666666667 0.06666666666666667
1 0.8791666666666667 0.6604166666666667 0.23958333333333334 0.3
1 0.45208333333333334 0.625 0.04583333333333333 0.06770833333333333
1 0.5427083333333333 0.6333333333333333 0.06041666666666667 0.10520833333333333
1 0.5 0.6322916666666667 0.05 0.08854166666666667
1 0.42604166666666665 0.61875 0.019791666666666666 0.05
1 0.39791666666666664 0.628125 0.022916666666666665 0.026041666666666668
1 0.321875 0.6208333333333333 0.023958333333333335 0.03333333333333333
1 0.3572916666666667 0.6229166666666667 0.016666666666666666 0.029166666666666667
1 0.6666666666666666 0.65 0.08125 0.11666666666666667
1 0.1875 0.6229166666666667 0.04375 0.06145833333333333
1 0.6572916666666667 0.6052083333333333 0.046875 0.05
1 0.23958333333333334 0.625 0.04479166666666667 0.059375
1 0.309375 0.61875 0.2125 0.05416666666666667