2 0.440625 0.7322916666666667 0.88125 0.5145833333333333
2 0.45208333333333334 0.6052083333333333 0.3302083333333333 0.20208333333333334
2 0.703125 0.45416666666666666 0.14375 0.27291666666666664
2 0.9104166666666667 0.5916666666666667 0.17708333333333334 0.55
2 0.36041666666666666 0.4708333333333333 0.203125 0.08958333333333333
2 0.35625 0.46458333333333335 0.10625 0.06979166666666667
2 0.41770833333333335 0.41875 0.08541666666666667 0.071875
2 0.8020833333333334 0.50625 0.19270833333333334 0.315625
2 0.5135416666666667 0.6739583333333333 0.43125 0.22708333333333333
2 0.40625 0.5260416666666666 0.353125 0.13229166666666667
2 0.3875 0.5 0.24895833333333334 0.11145833333333334
2 0.49895833333333334 0.38645833333333335 0.11458333333333333 0.13958333333333334
2 0.615625 0.446875 0.10104166666666667 0.22395833333333334