1 0.159375 0.38125 0.026041666666666668 0.03229166666666667
1 0.21145833333333333 0.38125 0.025 0.030208333333333334
1 0.25625 0.38229166666666664 0.019791666666666666 0.027083333333333334
1 0.28854166666666664 0.353125 0.023958333333333335 0.026041666666666668
1 0.315625 0.334375 0.015625 0.016666666666666666
1 0.3572916666666667 0.321875 0.021875 0.026041666666666668
2 0.8447916666666667 0.6125 0.30625 0.6375
2 0.51875 0.5427083333333333 0.12291666666666666 0.23020833333333332
2 0.41875 0.5291666666666667 0.07604166666666666 0.17395833333333333
2 0.13854166666666667 0.5479166666666667 0.030208333333333334 0.08854166666666667
2 0.22291666666666668 0.5666666666666667 0.058333333333333334 0.11458333333333333
1 0.328125 0.35 0.017708333333333333 0.020833333333333332
2 0.28958333333333336 0.5583333333333333 0.08645833333333333 0.23333333333333334
2 0.17604166666666668 0.5270833333333333 0.046875 0.15833333333333333
2 0.09479166666666666 0.5291666666666667 0.029166666666666667 0.08020833333333334
3 0.023958333333333335 0.4239583333333333 0.04791666666666667 0.20625
2 0.34479166666666666 0.5270833333333333 0.03854166666666667 0.10104166666666667