1 0.6520833333333333 0.7125 0.2875 0.12604166666666666
1 0.78125 0.659375 0.12291666666666666 0.058333333333333334
1 0.95625 0.6541666666666667 0.08333333333333333 0.06666666666666667
1 0.19895833333333332 0.671875 0.265625 0.09270833333333334
1 0.35520833333333335 0.6645833333333333 0.08020833333333334 0.06979166666666667
1 0.48020833333333335 0.6583333333333333 0.04375 0.07083333333333333
1 0.06875 0.6708333333333333 0.1375 0.07708333333333334
1 0.9052083333333333 0.640625 0.05520833333333333 0.041666666666666664
1 0.8510416666666667 0.6458333333333334 0.06145833333333333 0.040625
1 0.58125 0.6552083333333333 0.146875 0.06145833333333333
1 0.55 0.64375 0.10416666666666667 0.052083333333333336
1 0.36666666666666664 0.634375 0.05416666666666667 0.026041666666666668