1 0.45208333333333334 0.8520833333333333 0.15416666666666667 0.0875
3 0.296875 0.8604166666666667 0.265625 0.103125
1 0.8854166666666666 0.8364583333333333 0.0625 0.03125
1 0.775 0.8364583333333333 0.1 0.053125
1 0.7479166666666667 0.84375 0.04895833333333333 0.04583333333333333
1 0.8072916666666666 0.8322916666666667 0.09583333333333334 0.053125
1 0.9635416666666666 0.8208333333333333 0.04583333333333333 0.015625
1 0.5427083333333333 0.853125 0.051041666666666666 0.05520833333333333
1 0.9666666666666667 0.8291666666666667 0.06041666666666667 0.017708333333333333
1 0.8645833333333334 0.8416666666666667 0.022916666666666665 0.028125
1 0.9260416666666667 0.9041666666666667 0.14166666666666666 0.13645833333333332
1 0.9302083333333333 0.83125 0.027083333333333334 0.026041666666666668