1 0.45208333333333334 0.459375 0.07916666666666666 0.06354166666666666
1 0.7666666666666667 0.478125 0.05416666666666667 0.07291666666666667
1 0.8927083333333333 0.4739583333333333 0.10729166666666666 0.078125
1 0.04791666666666667 0.5229166666666667 0.09583333333333334 0.10416666666666667
1 0.51875 0.45625 0.04895833333333333 0.06770833333333333
1 0.796875 0.45208333333333334 0.017708333333333333 0.025
1 0.478125 0.4583333333333333 0.03333333333333333 0.06458333333333334
1 0.07604166666666666 0.459375 0.03333333333333333 0.015625
1 0.496875 0.44375 0.04791666666666667 0.04791666666666667
1 0.027083333333333334 0.47708333333333336 0.052083333333333336 0.07395833333333333
3 0.3145833333333333 0.509375 0.18854166666666666 0.17604166666666668
3 0.8458333333333333 0.453125 0.08645833333333333 0.08958333333333333
1 0.7416666666666667 0.4427083333333333 0.09583333333333334 0.036458333333333336
1 0.5458333333333333 0.490625 0.90625 0.18125