0 0.5166666666666667 0.7916666666666666 0.3416666666666667 0.15520833333333334
1 0.07604166666666666 0.8666666666666667 0.15208333333333332 0.1875
3 0.07916666666666666 0.85625 0.14791666666666667 0.184375
3 0.94375 0.8166666666666667 0.030208333333333334 0.04375
3 0.7770833333333333 0.8083333333333333 0.05 0.04583333333333333
1 0.728125 0.8125 0.05 0.041666666666666664
1 0.8822916666666667 0.8104166666666667 0.096875 0.08541666666666667
1 0.8166666666666667 0.8145833333333333 0.036458333333333336 0.042708333333333334
1 0.15833333333333333 0.8729166666666667 0.03229166666666667 0.11770833333333333
1 0.9927083333333333 0.84375 0.010416666666666666 0.041666666666666664
1 0.9916666666666667 0.81875 0.0125 0.029166666666666667
1 0.9791666666666666 0.8104166666666667 0.0375 0.025
1 0.7041666666666667 0.80625 0.035416666666666666 0.03854166666666667
1 0.7989583333333333 0.8125 0.020833333333333332 0.03125