1 0.6052083333333333 0.709375 0.27395833333333336 0.33229166666666665
1 0.48854166666666665 0.5895833333333333 0.059375 0.08229166666666667
1 0.3229166666666667 0.5770833333333333 0.08229166666666667 0.08541666666666667
1 0.728125 0.5770833333333333 0.053125 0.07604166666666666
1 0.49375 0.5427083333333333 0.04479166666666667 0.019791666666666666
1 0.40729166666666666 0.5864583333333333 0.07083333333333333 0.07083333333333333
1 0.4375 0.5760416666666667 0.04375 0.059375
1 0.8322916666666667 0.5541666666666667 0.025 0.013541666666666667
1 0.7666666666666667 0.5552083333333333 0.027083333333333334 0.015625
1 0.915625 0.55 0.08020833333333334 0.023958333333333335
1 0.36770833333333336 0.5802083333333333 0.03333333333333333 0.071875