2 0.5541666666666667 0.6302083333333334 0.14166666666666666 0.39791666666666664
3 0.8958333333333334 0.23958333333333334 0.11458333333333333 0.19270833333333334
1 0.11875 0.3614583333333333 0.21354166666666666 0.2552083333333333
1 0.39166666666666666 0.30625 0.18020833333333333 0.15729166666666666
1 0.8395833333333333 0.28541666666666665 0.128125 0.14791666666666667
1 0.4791666666666667 0.28958333333333336 0.06458333333333334 0.12604166666666666
1 0.014583333333333334 0.3625 0.023958333333333335 0.28541666666666665
1 0.7677083333333333 0.24895833333333334 0.06458333333333334 0.09166666666666666
1 0.6385416666666667 0.25729166666666664 0.0625 0.08020833333333334
1 0.6197916666666666 0.27395833333333336 0.06145833333333333 0.07395833333333333
1 0.6760416666666667 0.25104166666666666 0.04895833333333333 0.1
1 0.7104166666666667 0.25 0.04791666666666667 0.08333333333333333