1 0.15729166666666666 0.7708333333333334 0.19895833333333332 0.128125
1 0.9145833333333333 0.6947916666666667 0.153125 0.04479166666666667
1 0.14479166666666668 0.7291666666666666 0.165625 0.1125
1 0.8572916666666667 0.7395833333333334 0.15104166666666666 0.10416666666666667
1 0.4625 0.7052083333333333 0.057291666666666664 0.042708333333333334
1 0.5541666666666667 0.690625 0.03125 0.03854166666666667
1 0.421875 0.7302083333333333 0.10208333333333333 0.08333333333333333
1 0.7989583333333333 0.6875 0.015625 0.029166666666666667
3 0.3229166666666667 0.7322916666666667 0.16458333333333333 0.13229166666666667
1 0.571875 0.6864583333333333 0.036458333333333336 0.04479166666666667
1 0.036458333333333336 0.75625 0.07291666666666667 0.09166666666666666
1 0.765625 0.6854166666666667 0.03229166666666667 0.03125
1 0.7208333333333333 0.6864583333333333 0.022916666666666665 0.020833333333333332
1 0.5479166666666667 0.690625 0.6645833333333333 0.07708333333333334