1 0.7739583333333333 0.7385416666666667 0.13645833333333332 0.06666666666666667
1 0.6145833333333334 0.7322916666666667 0.09479166666666666 0.05416666666666667
1 0.96875 0.74375 0.059375 0.09895833333333333
1 0.559375 0.734375 0.071875 0.04375
1 0.42291666666666666 0.728125 0.03854166666666667 0.0375
1 0.678125 0.7385416666666667 0.096875 0.05
1 0.375 0.7291666666666666 0.04583333333333333 0.028125
1 0.5229166666666667 0.7322916666666667 0.0625 0.042708333333333334
1 0.34375 0.7260416666666667 0.034375 0.028125
1 0.134375 0.725 0.03854166666666667 0.021875
1 0.28229166666666666 0.7260416666666667 0.034375 0.028125
2 0.821875 0.74375 0.08645833333333333 0.06458333333333334
1 0.017708333333333333 0.725 0.03229166666666667 0.021875
2 0.89375 0.75 0.08958333333333333 0.05520833333333333