2 0.7052083333333333 0.5614583333333333 0.25833333333333336 0.34479166666666666
2 0.828125 0.6833333333333333 0.340625 0.6125
2 0.5854166666666667 0.4010416666666667 0.08125 0.2125
2 0.5729166666666666 0.8125 0.315625 0.37083333333333335
2 0.25729166666666664 0.428125 0.12083333333333333 0.171875
2 0.058333333333333334 0.63125 0.11666666666666667 0.34270833333333334
2 0.515625 0.37604166666666666 0.03125 0.11875
2 0.9135416666666667 0.3541666666666667 0.08125 0.16875
2 0.17604166666666668 0.4895833333333333 0.11666666666666667 0.19479166666666667
2 0.465625 0.434375 0.06875 0.11666666666666667
2 0.9583333333333334 0.49895833333333334 0.07916666666666666 0.15208333333333332
2 0.16666666666666666 0.778125 0.3333333333333333 0.4395833333333333
2 0.11354166666666667 0.421875 0.09270833333333334 0.19166666666666668
2 0.49270833333333336 0.4041666666666667 0.9458333333333333 0.30833333333333335