1 0.3020833333333333 0.6427083333333333 0.36875 0.20625
1 0.85 0.646875 0.2947916666666667 0.234375
1 0.91875 0.6895833333333333 0.15833333333333333 0.3177083333333333
1 0.7739583333333333 0.6114583333333333 0.31979166666666664 0.20520833333333333
1 0.16770833333333332 0.5229166666666667 0.09375 0.027083333333333334
1 0.14479166666666668 0.45416666666666666 0.08958333333333333 0.05416666666666667
1 0.027083333333333334 0.49583333333333335 0.05416666666666667 0.06041666666666667
1 0.31979166666666664 0.39791666666666664 0.05625 0.029166666666666667
1 0.13854166666666667 0.5625 0.10208333333333333 0.06770833333333333
1 0.32395833333333335 0.5416666666666666 0.26666666666666666 0.090625
1 0.019791666666666666 0.54375 0.03958333333333333 0.0875
1 0.023958333333333335 0.5229166666666667 0.04791666666666667 0.06875
1 0.24791666666666667 0.38125 0.021875 0.007291666666666667