1 0.8166666666666667 0.171875 0.3625 0.128125
2 0.17604166666666668 0.6520833333333333 0.240625 0.096875
2 0.68125 0.36875 0.3229166666666667 0.340625
2 0.17083333333333334 0.234375 0.16666666666666666 0.08125
2 0.7739583333333333 0.4041666666666667 0.196875 0.065625
2 0.609375 0.446875 0.19166666666666668 0.096875
2 0.1875 0.5020833333333333 0.19583333333333333 0.10833333333333334
2 0.40625 0.259375 0.16979166666666667 0.08229166666666667
2 0.503125 0.39375 0.18541666666666667 0.07395833333333333
2 0.3885416666666667 0.7333333333333333 0.10729166666666666 0.0875
2 0.559375 0.671875 0.0875 0.06770833333333333
2 0.41458333333333336 0.5760416666666667 0.246875 0.10208333333333333
2 0.4239583333333333 0.32395833333333335 0.16770833333333332 0.071875
2 0.353125 0.49270833333333336 0.19166666666666668 0.07916666666666666
2 0.50625 0.42291666666666666 0.9583333333333334 0.5583333333333333