2 0.15833333333333333 0.6145833333333334 0.31666666666666665 0.19895833333333332
2 0.3020833333333333 0.5947916666666667 0.17395833333333333 0.16875
2 0.8760416666666667 0.6447916666666667 0.246875 0.21145833333333333
2 0.8635416666666667 0.6208333333333333 0.26875 0.17916666666666667
2 0.6197916666666666 0.565625 0.09375 0.13229166666666667
2 0.71875 0.55 0.11041666666666666 0.090625
2 0.7479166666666667 0.615625 0.06458333333333334 0.0875
2 0.053125 0.7791666666666667 0.10625 0.140625
2 0.771875 0.575 0.1375 0.109375
2 0.38229166666666664 0.565625 0.08645833333333333 0.09166666666666666
2 0.3416666666666667 0.56875 0.11666666666666667 0.15208333333333332
2 0.7302083333333333 0.525 0.18229166666666666 0.096875
2 0.39791666666666664 0.55625 0.08645833333333333 0.07395833333333333
2 0.4322916666666667 0.5364583333333334 0.28541666666666665 0.08541666666666667