1 0.2625 0.490625 0.18958333333333333 0.17291666666666666
1 0.6052083333333333 0.46875 0.03958333333333333 0.06041666666666667
1 0.55625 0.45416666666666666 0.08333333333333333 0.09895833333333333
1 0.8385416666666666 0.46875 0.017708333333333333 0.022916666666666665
1 0.6760416666666667 0.46770833333333334 0.017708333333333333 0.040625
2 0.5354166666666667 0.5572916666666666 0.08229166666666667 0.20208333333333334
3 0.44166666666666665 0.46875 0.15520833333333334 0.153125
2 0.41354166666666664 0.51875 0.08229166666666667 0.19479166666666667
2 0.6364583333333333 0.51875 0.034375 0.08541666666666667
2 0.703125 0.49895833333333334 0.020833333333333332 0.053125
2 0.728125 0.4708333333333333 0.008333333333333333 0.04791666666666667
2 0.76875 0.4791666666666667 0.010416666666666666 0.036458333333333336
2 0.8020833333333334 0.4791666666666667 0.011458333333333333 0.030208333333333334
2 0.7885416666666667 0.478125 0.013541666666666667 0.03854166666666667
2 0.690625 0.47291666666666665 0.021875 0.06041666666666667
1 0.8302083333333333 0.46041666666666664 0.008333333333333333 0.015625