1 0.16041666666666668 0.6979166666666666 0.06458333333333334 0.06458333333333334
1 0.025 0.7052083333333333 0.04895833333333333 0.05416666666666667
1 0.20520833333333333 0.6791666666666667 0.03958333333333333 0.04375
1 0.125 0.6875 0.036458333333333336 0.04895833333333333
0 0.47291666666666665 0.54375 0.4322916666666667 0.6604166666666667
1 0.11770833333333333 0.6770833333333334 0.027083333333333334 0.034375
1 0.030208333333333334 0.69375 0.06041666666666667 0.04791666666666667
1 0.030208333333333334 0.9 0.06041666666666667 0.196875
1 0.15416666666666667 0.665625 0.020833333333333332 0.010416666666666666
1 0.0125 0.7333333333333333 0.025 0.05416666666666667
1 0.041666666666666664 0.6770833333333334 0.014583333333333334 0.020833333333333332