2 0.4166666666666667 0.3958333333333333 0.153125 0.065625
1 0.796875 0.38333333333333336 0.35625 0.078125
1 0.215625 0.32395833333333335 0.259375 0.0375
1 0.290625 0.37395833333333334 0.1125 0.065625
1 0.440625 0.34479166666666666 0.19791666666666666 0.029166666666666667
1 0.5927083333333333 0.365625 0.10520833333333333 0.040625
3 0.8645833333333334 0.33541666666666664 0.175 0.03958333333333333
3 0.5666666666666667 0.3489583333333333 0.2791666666666667 0.071875
1 0.13229166666666667 0.36875 0.2635416666666667 0.07291666666666667
1 0.4864583333333333 0.38645833333333335 0.36041666666666666 0.07291666666666667
1 0.5729166666666666 0.33958333333333335 0.3 0.053125
2 0.771875 0.39166666666666666 0.16666666666666666 0.05625
3 0.9291666666666667 0.3541666666666667 0.1375 0.05