1 0.28541666666666665 0.5916666666666667 0.0625 0.027083333333333334
1 0.40625 0.6010416666666667 0.04479166666666667 0.01875
1 0.04583333333333333 0.5729166666666666 0.057291666666666664 0.01875
1 0.4875 0.6135416666666667 0.03229166666666667 0.022916666666666665
1 0.246875 0.5895833333333333 0.03854166666666667 0.019791666666666666
1 0.35104166666666664 0.5947916666666667 0.05 0.023958333333333335
0 0.7447916666666666 0.6020833333333333 0.16875 0.06875
1 0.10208333333333333 0.5760416666666667 0.05520833333333333 0.017708333333333333
1 0.54375 0.6104166666666667 0.014583333333333334 0.028125
1 0.5041666666666667 0.6072916666666667 0.017708333333333333 0.028125
1 0.221875 0.5833333333333334 0.03125 0.014583333333333334
1 0.5458333333333333 0.6166666666666667 0.8041666666666667 0.13333333333333333