1 0.14270833333333333 0.6385416666666667 0.05 0.15104166666666666
1 0.18229166666666666 0.5885416666666666 0.12708333333333333 0.13333333333333333
1 0.4791666666666667 0.5833333333333334 0.0875 0.096875
1 0.4114583333333333 0.5604166666666667 0.025 0.06354166666666666
3 0.178125 0.5875 0.12708333333333333 0.128125
3 0.715625 0.5479166666666667 0.36666666666666664 0.19479166666666667
3 0.9458333333333333 0.5635416666666667 0.10729166666666666 0.10625
1 0.5208333333333334 0.553125 0.034375 0.036458333333333336
1 0.9395833333333333 0.5625 0.11875 0.109375
1 0.9572916666666667 0.5177083333333333 0.06041666666666667 0.020833333333333332
1 0.9895833333333334 0.5239583333333333 0.01875 0.0375
1 0.8729166666666667 0.5625 0.04895833333333333 0.13645833333333332
3 0.43333333333333335 0.5677083333333334 0.04375 0.08020833333333334