0 0.709375 0.8760416666666667 0.059375 0.040625
1 0.5645833333333333 0.9510416666666667 0.027083333333333334 0.016666666666666666
1 0.5083333333333333 0.96875 0.026041666666666668 0.016666666666666666
1 0.48125 0.978125 0.025 0.017708333333333333
1 0.4427083333333333 0.9864583333333333 0.023958333333333335 0.01875
1 0.765625 0.8854166666666666 0.021875 0.014583333333333334
1 0.5958333333333333 0.940625 0.027083333333333334 0.01875
1 0.7229166666666667 0.8989583333333333 0.022916666666666665 0.011458333333333333
1 0.6739583333333333 0.9135416666666667 0.020833333333333332 0.015625
1 0.6510416666666666 0.9239583333333333 0.019791666666666666 0.015625
1 0.625 0.9322916666666666 0.026041666666666668 0.01875
1 0.5375 0.9614583333333333 0.028125 0.015625
1 0.4083333333333333 0.9947916666666666 0.03958333333333333 0.005208333333333333
1 0.696875 0.9083333333333333 0.020833333333333332 0.017708333333333333
0 0.9166666666666666 0.8260416666666667 0.03958333333333333 0.027083333333333334
0 0.903125 0.8135416666666667 0.035416666666666666 0.03125
1 0.7083333333333334 0.8916666666666667 0.09583333333333334 0.029166666666666667