1 0.875 0.5489583333333333 0.246875 0.2520833333333333
1 0.7072916666666667 0.46458333333333335 0.16666666666666666 0.253125
1 0.5697916666666667 0.5385416666666667 0.17291666666666666 0.23333333333333334
0 0.41875 0.3958333333333333 0.12604166666666666 0.21770833333333334
1 0.3375 0.44166666666666665 0.019791666666666666 0.04791666666666667
1 0.3177083333333333 0.4354166666666667 0.010416666666666666 0.03854166666666667
3 0.88125 0.35520833333333335 0.234375 0.25833333333333336
1 0.6135416666666667 0.44375 0.051041666666666666 0.07604166666666666
1 0.359375 0.45625 0.017708333333333333 0.059375
0 0.290625 0.40520833333333334 0.05625 0.07604166666666666
1 0.28958333333333336 0.4479166666666667 0.05520833333333333 0.06770833333333333
1 0.525 0.40625 0.07083333333333333 0.03125