1 0.934375 0.3697916666666667 0.12708333333333333 0.18125
1 0.871875 0.32395833333333335 0.2552083333333333 0.18958333333333333
1 0.721875 0.353125 0.058333333333333334 0.09583333333333334
1 0.7354166666666667 0.303125 0.24895833333333334 0.13125
3 0.6708333333333333 0.27708333333333335 0.284375 0.12604166666666666
3 0.6395833333333333 0.296875 0.1875 0.115625
1 0.5125 0.2947916666666667 0.10520833333333333 0.07395833333333333
1 0.48125 0.2875 0.08125 0.05416666666666667
1 0.43854166666666666 0.26875 0.04791666666666667 0.022916666666666665
1 0.8354166666666667 0.3104166666666667 0.19166666666666668 0.1375
1 0.47708333333333336 0.2708333333333333 0.10104166666666667 0.03958333333333333
1 0.38125 0.28854166666666664 0.019791666666666666 0.025