3 0.7052083333333333 0.6697916666666667 0.15 0.2677083333333333
3 0.36666666666666664 0.459375 0.12708333333333333 0.14583333333333334
1 0.34375 0.6760416666666667 0.11458333333333333 0.1125
1 0.7354166666666667 0.909375 0.146875 0.15208333333333332
1 0.35104166666666664 0.6104166666666667 0.1125 0.071875
1 0.15104166666666666 0.6927083333333334 0.11458333333333333 0.11979166666666667
1 0.2125 0.5833333333333334 0.09270833333333334 0.12083333333333333
3 0.528125 0.5760416666666667 0.14791666666666667 0.26458333333333334
1 0.528125 0.771875 0.11979166666666667 0.12916666666666668
1 0.21666666666666667 0.5125 0.09270833333333334 0.09791666666666667
1 0.2833333333333333 0.4125 0.065625 0.09375
1 0.43333333333333335 0.28125 0.057291666666666664 0.06875
1 0.6729166666666667 0.5104166666666666 0.090625 0.06354166666666666
1 0.5114583333333333 0.41770833333333335 0.06458333333333334 0.08854166666666667
1 0.6104166666666667 0.68125 0.05 0.10833333333333334
1 0.31979166666666664 0.33229166666666665 0.05625 0.06041666666666667
2 0.6458333333333334 0.4625 0.04895833333333333 0.028125
1 0.4395833333333333 0.33958333333333335 0.6 0.5541666666666667