3 0.2604166666666667 0.51875 0.09583333333333334 0.10104166666666667
1 0.7208333333333333 0.7083333333333334 0.18020833333333333 0.13958333333333334
1 0.871875 0.6854166666666667 0.20208333333333334 0.12604166666666666
1 0.8875 0.6322916666666667 0.19270833333333334 0.090625
1 0.5583333333333333 0.596875 0.0875 0.071875
1 0.490625 0.5864583333333333 0.06666666666666667 0.06041666666666667
1 0.4479166666666667 0.56875 0.06041666666666667 0.05
1 0.6614583333333334 0.603125 0.11458333333333333 0.09583333333333334
1 0.240625 0.575 0.06041666666666667 0.06666666666666667
1 0.13645833333333332 0.48125 0.03333333333333333 0.034375
1 0.4114583333333333 0.603125 0.07395833333333333 0.07708333333333334
1 0.08645833333333333 0.6364583333333333 0.10416666666666667 0.09166666666666666
1 0.29270833333333335 0.43125 0.017708333333333333 0.028125
1 0.10416666666666667 0.559375 0.04895833333333333 0.04895833333333333
1 0.24166666666666667 0.4864583333333333 0.29375 0.21041666666666667