1 0.7520833333333333 0.3020833333333333 0.31354166666666666 0.16979166666666667
2 0.8864583333333333 0.6572916666666667 0.13333333333333333 0.215625
2 0.7260416666666667 0.5541666666666667 0.159375 0.203125
2 0.8208333333333333 0.5145833333333333 0.10625 0.221875
2 0.45416666666666666 0.559375 0.18020833333333333 0.23958333333333334
2 0.3177083333333333 0.4041666666666667 0.12604166666666666 0.20520833333333333
2 0.14270833333333333 0.46875 0.03854166666666667 0.1
2 0.6333333333333333 0.7614583333333333 0.35 0.3229166666666667
2 0.11041666666666666 0.40625 0.051041666666666666 0.11979166666666667
2 0.22916666666666666 0.5041666666666667 0.11770833333333333 0.175
2 0.05 0.4427083333333333 0.0625 0.13125
2 0.5072916666666667 0.4552083333333333 0.07395833333333333 0.14166666666666666