2 0.7864583333333334 0.7208333333333333 0.42291666666666666 0.45
2 0.09375 0.640625 0.18333333333333332 0.5385416666666667
2 0.246875 0.296875 0.165625 0.25729166666666664
2 0.08645833333333333 0.3614583333333333 0.14375 0.29375
2 0.7708333333333334 0.26145833333333335 0.128125 0.08333333333333333
2 0.39895833333333336 0.4125 0.140625 0.27395833333333336
2 0.5458333333333333 0.31979166666666664 0.12395833333333334 0.2625
2 0.7583333333333333 0.4875 0.4791666666666667 0.5125
2 0.49270833333333336 0.24791666666666667 0.04791666666666667 0.128125
2 0.04583333333333333 0.43020833333333336 0.090625 0.246875
2 0.11666666666666667 0.30416666666666664 0.23125 0.3145833333333333
2 0.35208333333333336 0.271875 0.14583333333333334 0.20208333333333334
2 0.41458333333333336 0.2552083333333333 0.146875 0.13958333333333334
2 0.653125 0.190625 0.3 0.06875