1 0.42083333333333334 0.471875 0.3072916666666667 0.14791666666666667
1 0.715625 0.40625 0.1 0.08229166666666667
1 0.6260416666666667 0.42083333333333334 0.18854166666666666 0.10104166666666667
1 0.6291666666666667 0.359375 0.06979166666666667 0.034375
1 0.7520833333333333 0.39479166666666665 0.08020833333333334 0.06979166666666667
1 0.7875 0.34791666666666665 0.065625 0.03958333333333333
1 0.5364583333333334 0.3541666666666667 0.035416666666666666 0.020833333333333332
1 0.5645833333333333 0.3541666666666667 0.011458333333333333 0.013541666666666667
1 0.85625 0.3885416666666667 0.09375 0.058333333333333334
1 0.7854166666666667 0.32916666666666666 0.025 0.011458333333333333
1 0.5802083333333333 0.3489583333333333 0.021875 0.020833333333333332