1 0.9760416666666667 0.6947916666666667 0.04583333333333333 0.184375
2 0.2520833333333333 0.7 0.31875 0.40729166666666666
2 0.8489583333333334 0.575 0.225 0.32083333333333336
3 0.44479166666666664 0.19791666666666666 0.096875 0.058333333333333334
1 0.7333333333333333 0.2864583333333333 0.1 0.06666666666666667
1 0.46458333333333335 0.25 0.058333333333333334 0.036458333333333336
1 0.515625 0.265625 0.057291666666666664 0.052083333333333336
0 0.45208333333333334 0.203125 0.07291666666666667 0.06666666666666667
3 0.11979166666666667 0.26145833333333335 0.16354166666666667 0.11979166666666667
3 0.9583333333333334 0.271875 0.07916666666666666 0.1375
3 0.503125 0.23125 0.13229166666666667 0.06041666666666667
3 0.8739583333333333 0.26458333333333334 0.13333333333333333 0.08333333333333333
3 0.24583333333333332 0.2520833333333333 0.08333333333333333 0.0625
1 0.9583333333333334 0.275 0.08020833333333334 0.13645833333333332
1 0.8760416666666667 0.2635416666666667 0.13645833333333332 0.071875
1 0.8427083333333333 0.271875 0.013541666666666667 0.016666666666666666
3 0.759375 0.26875 0.103125 0.06458333333333334