1 0.04791666666666667 0.34479166666666666 0.09583333333333334 0.10625
1 0.29375 0.334375 0.11875 0.08229166666666667
1 0.09270833333333334 0.315625 0.05 0.019791666666666666
1 0.06666666666666667 0.3333333333333333 0.13333333333333333 0.12916666666666668
1 0.096875 0.31354166666666666 0.07916666666666666 0.05625
1 0.115625 0.2947916666666667 0.053125 0.026041666666666668
1 0.325 0.31145833333333334 0.04895833333333333 0.019791666666666666
1 0.41770833333333335 0.334375 0.0375 0.04791666666666667
1 0.340625 0.33125 0.03333333333333333 0.020833333333333332
1 0.35 0.3177083333333333 0.026041666666666668 0.017708333333333333
1 0.20208333333333334 0.36354166666666665 0.040625 0.05
1 0.34270833333333334 0.32916666666666666 0.3229166666666667 0.09166666666666666