1 0.5854166666666667 0.9479166666666666 0.030208333333333334 0.03333333333333333
1 0.5385416666666667 0.925 0.01875 0.016666666666666666
1 0.7135416666666666 0.9729166666666667 0.051041666666666666 0.052083333333333336
1 0.6989583333333333 0.9583333333333334 0.04583333333333333 0.06041666666666667
1 0.571875 0.9 0.013541666666666667 0.015625
0 0.6364583333333333 0.928125 0.030208333333333334 0.057291666666666664
3 0.19791666666666666 0.953125 0.06979166666666667 0.09166666666666666
1 0.115625 0.978125 0.021875 0.041666666666666664
1 0.5479166666666667 0.91875 0.0125 0.017708333333333333
1 0.5739583333333333 0.9291666666666667 0.021875 0.019791666666666666
1 0.13645833333333332 0.9708333333333333 0.04583333333333333 0.051041666666666666