1 0.37604166666666666 0.634375 0.12291666666666666 0.13229166666666667
1 0.10833333333333334 0.9395833333333333 0.21354166666666666 0.11458333333333333
1 0.9208333333333333 0.5885416666666666 0.125 0.071875
1 0.75 0.575 0.0625 0.046875
1 0.6625 0.56875 0.05625 0.04375
1 0.615625 0.5697916666666667 0.03958333333333333 0.03333333333333333
1 0.5864583333333333 0.5677083333333334 0.0375 0.030208333333333334
1 0.5333333333333333 0.5697916666666667 0.041666666666666664 0.036458333333333336
1 0.50625 0.578125 0.029166666666666667 0.053125
3 0.8302083333333333 0.5708333333333333 0.096875 0.07916666666666666
1 0.41770833333333335 0.5625 0.022916666666666665 0.014583333333333334