3 0.7614583333333333 0.6541666666666667 0.059375 0.065625
1 0.3625 0.8583333333333333 0.32916666666666666 0.2791666666666667
1 0.6833333333333333 0.8677083333333333 0.4739583333333333 0.2552083333333333
1 0.7854166666666667 0.7260416666666667 0.13333333333333333 0.07395833333333333
1 0.6739583333333333 0.7052083333333333 0.10729166666666666 0.10416666666666667
1 0.5635416666666667 0.73125 0.1375 0.109375
1 0.45729166666666665 0.7145833333333333 0.11458333333333333 0.08333333333333333
1 0.17708333333333334 0.815625 0.2375 0.209375
0 0.7604166666666666 0.6583333333333333 0.06145833333333333 0.07395833333333333
3 0.15104166666666666 0.6802083333333333 0.03333333333333333 0.026041666666666668
1 0.33229166666666665 0.71875 0.14166666666666666 0.06458333333333334
1 0.40729166666666666 0.69375 0.042708333333333334 0.04791666666666667
1 0.5791666666666667 0.6739583333333333 0.090625 0.028125
1 0.08020833333333334 0.7541666666666667 0.16041666666666668 0.17708333333333334
1 0.19583333333333333 0.6885416666666667 0.015625 0.014583333333333334
1 0.37083333333333335 0.690625 0.034375 0.0375