1 0.3375 0.540625 0.32083333333333336 0.14583333333333334
1 0.05625 0.5302083333333333 0.08125 0.09479166666666666
1 0.33541666666666664 0.44895833333333335 0.042708333333333334 0.022916666666666665
1 0.28958333333333336 0.45625 0.06458333333333334 0.03958333333333333
1 0.17604166666666668 0.4583333333333333 0.05625 0.013541666666666667
1 0.5177083333333333 0.44166666666666665 0.029166666666666667 0.028125
1 0.4041666666666667 0.4479166666666667 0.022916666666666665 0.017708333333333333
1 0.371875 0.44583333333333336 0.041666666666666664 0.025
1 0.8604166666666667 0.396875 0.03229166666666667 0.026041666666666668
1 0.7833333333333333 0.42604166666666665 0.034375 0.010416666666666666
1 0.8364583333333333 0.4 0.020833333333333332 0.020833333333333332