1 0.33958333333333335 0.6322916666666667 0.022916666666666665 0.025
1 0.31979166666666664 0.5875 0.01875 0.029166666666666667
1 0.4375 0.6364583333333333 0.03229166666666667 0.03854166666666667
1 0.37395833333333334 0.5822916666666667 0.017708333333333333 0.01875
1 0.403125 0.6072916666666667 0.023958333333333335 0.03125
1 0.3385416666666667 0.5520833333333334 0.020833333333333332 0.03958333333333333
0 0.6208333333333333 0.5947916666666667 0.325 0.403125
1 0.390625 0.5916666666666667 0.01875 0.026041666666666668
1 0.31145833333333334 0.5760416666666667 0.017708333333333333 0.03333333333333333
1 0.31979166666666664 0.5385416666666667 0.014583333333333334 0.0125
1 0.325 0.5447916666666667 0.005208333333333333 0.014583333333333334
1 0.36770833333333336 0.5697916666666667 0.014583333333333334 0.025