0 0.74375 0.7645833333333333 0.43854166666666666 0.24270833333333333
0 0.6364583333333333 0.7083333333333334 0.34479166666666666 0.171875
1 0.7479166666666667 0.54375 0.015625 0.020833333333333332
1 0.7604166666666666 0.5333333333333333 0.009375 0.019791666666666666
0 0.596875 0.684375 0.3177083333333333 0.16458333333333333
1 0.28854166666666664 0.578125 0.025 0.03229166666666667
1 0.78125 0.578125 0.022916666666666665 0.034375
3 0.8375 0.9354166666666667 0.321875 0.103125
3 0.26458333333333334 0.55625 0.04375 0.0625
1 0.24791666666666667 0.5677083333333334 0.03125 0.042708333333333334
1 0.771875 0.53125 0.005208333333333333 0.020833333333333332
0 0.5239583333333333 0.6427083333333333 0.3145833333333333 0.15104166666666666