1 0.6322916666666667 0.6322916666666667 0.18229166666666666 0.18958333333333333
1 0.06145833333333333 0.6979166666666666 0.12291666666666666 0.2791666666666667
2 0.49583333333333335 0.628125 0.051041666666666666 0.125
0 0.041666666666666664 0.4864583333333333 0.08229166666666667 0.2677083333333333
2 0.36770833333333336 0.665625 0.08020833333333334 0.125
2 0.4427083333333333 0.6270833333333333 0.05520833333333333 0.09583333333333334
3 0.10104166666666667 0.559375 0.04583333333333333 0.14375
1 0.83125 0.5958333333333333 0.08020833333333334 0.0875
1 0.14895833333333333 0.5885416666666666 0.0375 0.06458333333333334
2 0.8197916666666667 0.6604166666666667 0.042708333333333334 0.08125
2 0.4947916666666667 0.6520833333333333 0.04583333333333333 0.09270833333333334
2 0.7541666666666667 0.6072916666666667 0.03333333333333333 0.065625
2 0.20625 0.5989583333333334 0.01875 0.053125