0 0.7729166666666667 0.3854166666666667 0.134375 0.058333333333333334
0 0.6552083333333333 0.39166666666666666 0.10520833333333333 0.05
0 0.9770833333333333 0.3875 0.041666666666666664 0.0875
0 0.9270833333333334 0.3854166666666667 0.06979166666666667 0.07083333333333333
0 0.86875 0.3645833333333333 0.05625 0.01875
0 0.871875 0.396875 0.042708333333333334 0.05520833333333333
0 0.8458333333333333 0.3958333333333333 0.03958333333333333 0.05416666666666667
2 0.11145833333333334 0.7260416666666667 0.215625 0.521875
2 0.3020833333333333 0.5739583333333333 0.06145833333333333 0.21354166666666666
2 0.2125 0.565625 0.04895833333333333 0.11458333333333333
2 0.24166666666666667 0.5083333333333333 0.036458333333333336 0.10208333333333333
2 0.746875 0.496875 0.06770833333333333 0.10208333333333333
2 0.9385416666666667 0.540625 0.12083333333333333 0.16666666666666666
2 0.65 0.4427083333333333 0.0125 0.041666666666666664
2 0.41770833333333335 0.7625 0.15833333333333333 0.47291666666666665
2 0.34375 0.509375 0.041666666666666664 0.10104166666666667
2 0.3260416666666667 0.7947916666666667 0.2604166666666667 0.32395833333333335
2 0.6989583333333333 0.44375 0.034375 0.05416666666666667
2 0.3541666666666667 0.44375 0.017708333333333333 0.042708333333333334
0 0.59375 0.3927083333333333 0.022916666666666665 0.029166666666666667
2 0.3229166666666667 0.46041666666666664 0.042708333333333334 0.03125
0 0.578125 0.39791666666666664 0.009375 0.014583333333333334
2 0.49895833333333334 0.48125 0.9979166666666667 0.18333333333333332