1 0.296875 0.25 0.240625 0.20208333333333334
1 0.7041666666666667 0.18333333333333332 0.03333333333333333 0.05
1 0.6552083333333333 0.203125 0.03854166666666667 0.07395833333333333
1 0.584375 0.240625 0.057291666666666664 0.1
1 0.39479166666666665 0.19791666666666666 0.04583333333333333 0.06041666666666667
1 0.11458333333333333 0.25833333333333336 0.15104166666666666 0.115625
1 0.01875 0.296875 0.0375 0.084375
1 0.88125 0.15625 0.05 0.05625
1 0.4322916666666667 0.19270833333333334 0.034375 0.06458333333333334
1 0.5666666666666667 0.18229166666666666 0.075 0.06354166666666666
1 0.63125 0.18020833333333333 0.05 0.06354166666666666
1 0.7197916666666667 0.16458333333333333 0.028125 0.026041666666666668