1 0.6072916666666667 0.725 0.17291666666666666 0.296875
1 0.11458333333333333 0.6260416666666667 0.21666666666666667 0.17708333333333334
1 0.44166666666666665 0.534375 0.13854166666666667 0.08333333333333333
1 0.5197916666666667 0.575 0.12083333333333333 0.13020833333333334
1 0.4197916666666667 0.446875 0.035416666666666666 0.019791666666666666
1 0.096875 0.49166666666666664 0.115625 0.05416666666666667
1 0.34270833333333334 0.628125 0.2864583333333333 0.22916666666666666
1 0.23020833333333332 0.459375 0.0625 0.05
1 0.4 0.471875 0.04583333333333333 0.04583333333333333
1 0.06770833333333333 0.55625 0.13541666666666666 0.103125
3 0.340625 0.3958333333333333 0.027083333333333334 0.036458333333333336
1 0.33958333333333335 0.4322916666666667 0.028125 0.028125
3 0.3 0.45625 0.06354166666666666 0.065625
1 0.4708333333333333 0.465625 0.03854166666666667 0.03854166666666667
1 0.525 0.6447916666666667 0.934375 0.5270833333333333