0 0.8145833333333333 0.6989583333333333 0.08229166666666667 0.071875
1 0.7677083333333333 0.8489583333333334 0.06770833333333333 0.03958333333333333
1 0.8760416666666667 0.8614583333333333 0.05520833333333333 0.04583333333333333
1 0.8916666666666667 0.8833333333333333 0.06458333333333334 0.051041666666666666
1 0.8416666666666667 0.8260416666666667 0.07604166666666666 0.03854166666666667
1 0.63125 0.8510416666666667 0.075 0.04895833333333333
1 0.9729166666666667 0.884375 0.040625 0.05625
1 0.7927083333333333 0.8072916666666666 0.057291666666666664 0.035416666666666666
1 0.709375 0.8510416666666667 0.058333333333333334 0.04791666666666667
1 0.9729166666666667 0.746875 0.05 0.04375
1 0.940625 0.8833333333333333 0.06666666666666667 0.05416666666666667
1 0.8375 0.8072916666666666 0.05416666666666667 0.029166666666666667
1 0.89375 0.8145833333333333 0.065625 0.040625
1 0.8208333333333333 0.8541666666666666 0.0625 0.034375
3 0.56875 0.8322916666666667 0.08020833333333334 0.058333333333333334
1 0.709375 0.6958333333333333 0.578125 0.19583333333333333