1 0.5947916666666667 0.7177083333333333 0.08229166666666667 0.103125
1 0.45208333333333334 0.7791666666666667 0.084375 0.11458333333333333
1 0.6395833333333333 0.9114583333333334 0.12916666666666668 0.15416666666666667
1 0.7010416666666667 0.6520833333333333 0.08541666666666667 0.08541666666666667
1 0.7427083333333333 0.7416666666666667 0.09270833333333334 0.10625
1 0.6510416666666666 0.5739583333333333 0.058333333333333334 0.065625
1 0.6135416666666667 0.49375 0.040625 0.04479166666666667
1 0.5916666666666667 0.4583333333333333 0.0375 0.04583333333333333
1 0.5729166666666666 0.43125 0.03333333333333333 0.036458333333333336
3 0.465625 0.5604166666666667 0.10625 0.240625
3 0.8791666666666667 0.84375 0.2375 0.30833333333333335
1 0.559375 0.409375 0.026041666666666668 0.028125
1 0.5270833333333333 0.44583333333333336 0.030208333333333334 0.030208333333333334
3 0.484375 0.390625 0.025 0.036458333333333336
3 0.5166666666666667 0.38333333333333336 0.022916666666666665 0.035416666666666666
3 0.5708333333333333 0.6010416666666667 0.06875 0.07916666666666666
1 0.5552083333333333 0.553125 0.05625 0.06979166666666667
1 0.7041666666666667 0.65 0.5875 0.6958333333333333