1 0.628125 0.971875 0.134375 0.053125
1 0.8375 0.9572916666666667 0.05416666666666667 0.03333333333333333
1 0.7416666666666667 0.9739583333333334 0.06145833333333333 0.046875
1 0.9364583333333333 0.9541666666666667 0.042708333333333334 0.03854166666666667
1 0.396875 0.984375 0.15625 0.027083333333333334
1 0.9666666666666667 0.9520833333333333 0.03333333333333333 0.03125
1 0.8166666666666667 0.9791666666666666 0.13125 0.040625
1 0.25 0.9895833333333334 0.184375 0.016666666666666666
1 0.8947916666666667 0.93125 0.0125 0.010416666666666666
2 0.909375 0.9541666666666667 0.010416666666666666 0.017708333333333333
1 0.8885416666666667 0.9427083333333334 0.036458333333333336 0.021875
1 0.9135416666666667 0.9302083333333333 0.014583333333333334 0.009375