1 0.3145833333333333 0.384375 0.3333333333333333 0.19895833333333332
1 0.051041666666666666 0.47291666666666665 0.10208333333333333 0.21666666666666667
1 0.440625 0.3072916666666667 0.14270833333333333 0.11666666666666667
1 0.225 0.2947916666666667 0.13125 0.08541666666666667
1 0.31666666666666665 0.26875 0.09583333333333334 0.046875
1 0.7447916666666666 0.29583333333333334 0.06875 0.08958333333333333
1 0.053125 0.32395833333333335 0.10208333333333333 0.09791666666666667
1 0.09270833333333334 0.275 0.022916666666666665 0.04895833333333333
2 0.4427083333333333 0.48854166666666665 0.24895833333333334 0.2625
1 0.5104166666666666 0.3177083333333333 0.05520833333333333 0.12291666666666666
3 0.6489583333333333 0.33125 0.165625 0.17083333333333334