3 0.7875 0.36875 0.16875 0.28854166666666664
1 0.9447916666666667 0.46770833333333334 0.10833333333333334 0.17291666666666666
1 0.6208333333333333 0.428125 0.10104166666666667 0.08645833333333333
1 0.8864583333333333 0.44895833333333335 0.052083333333333336 0.10104166666666667
1 0.4239583333333333 0.428125 0.06979166666666667 0.05
1 0.38958333333333334 0.42083333333333334 0.04375 0.03854166666666667
1 0.31145833333333334 0.42604166666666665 0.07395833333333333 0.05
1 0.14895833333333333 0.440625 0.115625 0.09375
1 0.24375 0.42604166666666665 0.06666666666666667 0.046875
1 0.9114583333333334 0.446875 0.06354166666666666 0.121875
1 0.052083333333333336 0.446875 0.10104166666666667 0.11041666666666666
1 0.359375 0.425 0.059375 0.04479166666666667
1 0.546875 0.421875 0.03854166666666667 0.03229166666666667
1 0.88125 0.41770833333333335 0.041666666666666664 0.03958333333333333
1 0.790625 0.41354166666666664 0.3125 0.4895833333333333