1 0.2635416666666667 0.7041666666666667 0.26666666666666666 0.253125
2 0.3104166666666667 0.7916666666666666 0.090625 0.15833333333333333
2 0.6197916666666666 0.80625 0.08333333333333333 0.134375
2 0.4375 0.7677083333333333 0.08645833333333333 0.14375
2 0.575 0.7802083333333333 0.028125 0.1125
2 0.5489583333333333 0.7666666666666667 0.03125 0.12291666666666666
2 0.040625 0.7479166666666667 0.058333333333333334 0.10416666666666667
2 0.8 0.7541666666666667 0.041666666666666664 0.09270833333333334
2 0.8666666666666667 0.7625 0.051041666666666666 0.10208333333333333
2 0.68125 0.765625 0.027083333333333334 0.11458333333333333
2 0.5145833333333333 0.715625 0.030208333333333334 0.11041666666666666
2 0.22916666666666666 0.9010416666666666 0.10208333333333333 0.171875
2 0.7333333333333333 0.7458333333333333 0.036458333333333336 0.10104166666666667
2 0.48020833333333335 0.7604166666666666 0.027083333333333334 0.10520833333333333
0 0.8270833333333333 0.58125 0.07083333333333333 0.09479166666666666
2 0.11979166666666667 0.7625 0.03333333333333333 0.10729166666666666