1 0.1125 0.6958333333333333 0.21770833333333334 0.14270833333333333
0 0.5135416666666667 0.6125 0.146875 0.2760416666666667
0 0.34791666666666665 0.6041666666666666 0.11666666666666667 0.20625
0 0.85625 0.6145833333333334 0.15625 0.27395833333333336
0 0.19375 0.6041666666666666 0.19479166666666667 0.2552083333333333
0 0.42916666666666664 0.6208333333333333 0.05416666666666667 0.20416666666666666
0 0.5947916666666667 0.621875 0.03229166666666667 0.209375
1 0.965625 0.69375 0.06458333333333334 0.08541666666666667
1 0.017708333333333333 0.7520833333333333 0.035416666666666666 0.16354166666666667
1 0.04895833333333333 0.7572916666666667 0.051041666666666666 0.1
0 0.6916666666666667 0.6125 0.14375 0.259375