2 0.259375 0.5979166666666667 0.36041666666666666 0.32395833333333335
2 0.7302083333333333 0.59375 0.4479166666666667 0.4
0 0.8322916666666667 0.090625 0.15208333333333332 0.10520833333333333
1 0.7989583333333333 0.215625 0.11666666666666667 0.06770833333333333
1 0.6177083333333333 0.24166666666666667 0.08541666666666667 0.071875
1 0.5104166666666666 0.2552083333333333 0.07083333333333333 0.0625
1 0.903125 0.20208333333333334 0.07291666666666667 0.0375
1 0.7677083333333333 0.21041666666666667 0.08125 0.07604166666666666
3 0.20520833333333333 0.2864583333333333 0.34375 0.18854166666666666
1 0.6770833333333334 0.2 0.09583333333333334 0.05625
0 0.9510416666666667 0.14270833333333333 0.09583333333333334 0.14375
1 0.5270833333333333 0.21666666666666667 0.041666666666666664 0.016666666666666666
1 0.49270833333333336 0.21666666666666667 0.03229166666666667 0.019791666666666666