1 0.7677083333333333 0.9645833333333333 0.11875 0.065625
1 0.7708333333333334 0.934375 0.10416666666666667 0.042708333333333334
1 0.96875 0.878125 0.06145833333333333 0.053125
1 0.9875 0.9166666666666666 0.020833333333333332 0.04583333333333333
1 0.9802083333333333 0.8895833333333333 0.035416666666666666 0.051041666666666666
1 0.7197916666666667 0.928125 0.07291666666666667 0.041666666666666664
3 0.5635416666666667 0.7854166666666667 0.09270833333333334 0.14479166666666668
3 0.646875 0.8041666666666667 0.07708333333333334 0.125
3 0.8875 0.8114583333333333 0.07916666666666666 0.07604166666666666
3 0.946875 0.80625 0.04583333333333333 0.05416666666666667
3 0.16354166666666667 0.5729166666666666 0.03333333333333333 0.035416666666666666
3 0.7229166666666667 0.7989583333333333 0.075 0.11875
1 0.6677083333333333 0.8854166666666666 0.06145833333333333 0.036458333333333336
1 0.7135416666666666 0.9072916666666667 0.08645833333333333 0.0375