1 0.478125 0.525 0.025 0.029166666666666667
1 0.5020833333333333 0.75 0.03333333333333333 0.04895833333333333
1 0.5104166666666666 0.5114583333333333 0.021875 0.03333333333333333
1 0.5614583333333333 0.5791666666666667 0.022916666666666665 0.029166666666666667
1 0.5614583333333333 0.5645833333333333 0.020833333333333332 0.019791666666666666
1 0.5645833333333333 0.5447916666666667 0.020833333333333332 0.025
1 0.5104166666666666 0.490625 0.01875 0.015625
1 0.55625 0.6302083333333334 0.022916666666666665 0.036458333333333336
0 0.4635416666666667 0.6427083333333333 0.04791666666666667 0.08125
0 0.5197916666666667 0.6010416666666667 0.0375 0.07708333333333334
0 0.48125 0.5854166666666667 0.041666666666666664 0.06875
0 0.5614583333333333 0.38125 0.020833333333333332 0.03229166666666667
1 0.5572916666666666 0.60625 0.019791666666666666 0.013541666666666667
1 0.5645833333333333 0.515625 0.01875 0.028125
1 0.5135416666666667 0.4791666666666667 0.014583333333333334 0.020833333333333332
1 0.54375 0.4197916666666667 0.014583333333333334 0.015625
3 0.5364583333333334 0.446875 0.020833333333333332 0.035416666666666666
3 0.5625 0.43125 0.026041666666666668 0.04895833333333333
1 0.4979166666666667 0.4427083333333333 0.014583333333333334 0.015625
1 0.5333333333333333 0.46875 0.275 0.37083333333333335