1 0.89375 0.434375 0.20833333333333334 0.153125
2 0.26666666666666666 0.6510416666666666 0.38645833333333335 0.40208333333333335
2 0.6927083333333334 0.7 0.48020833333333335 0.4875
2 0.23333333333333334 0.525 0.020833333333333332 0.09895833333333333
1 0.946875 0.50625 0.10208333333333333 0.165625
1 0.8260416666666667 0.39375 0.084375 0.059375
1 0.78125 0.43333333333333335 0.021875 0.0625
2 0.09791666666666667 0.5760416666666667 0.19583333333333333 0.128125
2 0.5197916666666667 0.540625 0.08645833333333333 0.084375
2 0.21354166666666666 0.5302083333333333 0.059375 0.07395833333333333
1 0.7197916666666667 0.4395833333333333 0.07291666666666667 0.0625