1 0.06979166666666667 0.4510416666666667 0.06145833333333333 0.025
1 0.128125 0.4510416666666667 0.04479166666666667 0.020833333333333332
1 0.18020833333333333 0.44895833333333335 0.042708333333333334 0.022916666666666665
1 0.16041666666666668 0.5208333333333334 0.06354166666666666 0.06458333333333334
1 0.41354166666666664 0.47604166666666664 0.04583333333333333 0.052083333333333336
1 0.24270833333333333 0.4479166666666667 0.042708333333333334 0.01875
1 0.4375 0.44375 0.03854166666666667 0.021875
2 0.7791666666666667 0.6770833333333334 0.165625 0.32083333333333336
2 0.5697916666666667 0.5739583333333333 0.08854166666666667 0.16875
2 0.6604166666666667 0.6104166666666667 0.09583333333333334 0.16875
2 0.628125 0.4552083333333333 0.019791666666666666 0.034375
2 0.3854166666666667 0.5864583333333333 0.065625 0.13229166666666667
2 0.32395833333333335 0.5510416666666667 0.051041666666666666 0.14270833333333333
2 0.28229166666666666 0.5677083333333334 0.041666666666666664 0.09479166666666666
2 0.24791666666666667 0.5666666666666667 0.0375 0.08958333333333333
2 0.13645833333333332 0.615625 0.10625 0.18645833333333334
2 0.4583333333333333 0.59375 0.09895833333333333 0.19791666666666666
2 0.5 0.5697916666666667 0.06041666666666667 0.12395833333333334
2 0.35625 0.5697916666666667 0.030208333333333334 0.14166666666666666
1 0.7177083333333333 0.5010416666666667 0.075 0.046875
1 0.328125 0.44895833333333335 0.06666666666666667 0.01875
1 0.6729166666666667 0.440625 0.0375 0.026041666666666668