1 0.7052083333333333 0.8197916666666667 0.39375 0.19479166666666667
1 0.11979166666666667 0.778125 0.084375 0.090625
1 0.8104166666666667 0.7760416666666666 0.21979166666666666 0.13541666666666666
1 0.5583333333333333 0.7833333333333333 0.19895833333333332 0.109375
1 0.21979166666666666 0.7197916666666667 0.01875 0.015625
1 0.09375 0.7270833333333333 0.025 0.021875
3 0.921875 0.7114583333333333 0.153125 0.30104166666666665
1 0.5395833333333333 0.71875 0.04791666666666667 0.05
1 0.15729166666666666 0.7270833333333333 0.016666666666666666 0.019791666666666666
1 0.18125 0.721875 0.014583333333333334 0.017708333333333333
1 0.234375 0.721875 0.009375 0.0125