1 0.565625 0.45 0.3302083333333333 0.16979166666666667
1 0.896875 0.403125 0.115625 0.084375
1 0.7697916666666667 0.39479166666666665 0.13958333333333334 0.109375
1 0.44375 0.35833333333333334 0.1 0.03125
1 0.5166666666666667 0.359375 0.046875 0.041666666666666664
2 0.371875 0.584375 0.534375 0.38125
2 0.8708333333333333 0.4822916666666667 0.10833333333333334 0.20625
1 0.2833333333333333 0.41875 0.22291666666666668 0.134375
1 0.6604166666666667 0.3770833333333333 0.10416666666666667 0.075
2 0.6791666666666667 0.5520833333333334 0.2375 0.15520833333333334
2 0.7760416666666666 0.4822916666666667 0.09583333333333334 0.10729166666666666
1 0.40520833333333334 0.4427083333333333 0.178125 0.140625
1 0.9583333333333334 0.38333333333333336 0.08229166666666667 0.103125
1 0.8885416666666667 0.353125 0.046875 0.01875
1 0.16770833333333332 0.384375 0.20833333333333334 0.08125
1 0.578125 0.3572916666666667 0.10208333333333333 0.03958333333333333
1 0.171875 0.41770833333333335 0.18645833333333334 0.09895833333333333
3 0.34479166666666666 0.31979166666666664 0.125 0.08125
1 0.4666666666666667 0.22708333333333333 0.93125 0.4166666666666667