1 0.5260416666666666 0.9447916666666667 0.06041666666666667 0.10416666666666667
1 0.6791666666666667 0.940625 0.09583333333333334 0.11041666666666666
1 0.41875 0.9385416666666667 0.04583333333333333 0.11666666666666667
1 0.5135416666666667 0.925 0.084375 0.14375
1 0.4635416666666667 0.9270833333333334 0.034375 0.1125
1 0.5 0.8166666666666667 0.034375 0.036458333333333336
0 0.9625 0.8666666666666667 0.06979166666666667 0.16979166666666667
0 0.4354166666666667 0.8291666666666667 0.0375 0.059375
1 0.48541666666666666 0.8 0.028125 0.029166666666666667
1 0.440625 0.903125 0.03958333333333333 0.06875
1 0.42291666666666666 0.8552083333333333 0.023958333333333335 0.01875
1 0.4583333333333333 0.853125 0.0375 0.020833333333333332
1 0.44479166666666664 0.9270833333333334 0.021875 0.078125
1 0.5333333333333333 0.83125 0.026041666666666668 0.025
3 0.6572916666666667 0.8614583333333333 0.05625 0.07604166666666666