0 0.13229166666666667 0.7125 0.07916666666666666 0.08958333333333333
1 0.10208333333333333 0.8322916666666667 0.09479166666666666 0.0875
1 0.284375 0.8 0.08229166666666667 0.09583333333333334
3 0.79375 0.90625 0.409375 0.15833333333333333
3 0.0375 0.7135416666666666 0.034375 0.04375
1 0.18229166666666666 0.8104166666666667 0.07395833333333333 0.06979166666666667
1 0.225 0.7583333333333333 0.057291666666666664 0.03333333333333333
1 0.078125 0.7072916666666667 0.029166666666666667 0.036458333333333336
1 0.23333333333333334 0.7822916666666667 0.046875 0.05625
1 0.03854166666666667 0.7625 0.03958333333333333 0.059375
1 0.20625 0.7489583333333333 0.0625 0.05
1 0.057291666666666664 0.728125 0.019791666666666666 0.04375
0 0.08333333333333333 0.678125 0.03333333333333333 0.023958333333333335
3 0.16145833333333334 0.9625 0.29583333333333334 0.07083333333333333