1 0.10520833333333333 0.29375 0.05416666666666667 0.040625
1 0.14895833333333333 0.29375 0.09375 0.04583333333333333
2 0.24479166666666666 0.625 0.434375 0.4354166666666667
2 0.425 0.5239583333333333 0.33645833333333336 0.34270833333333334
2 0.5114583333333333 0.35520833333333335 0.07708333333333334 0.06458333333333334
3 0.3145833333333333 0.2864583333333333 0.140625 0.084375
1 0.08020833333333334 0.2833333333333333 0.03125 0.016666666666666666
1 0.071875 0.28020833333333334 0.03958333333333333 0.022916666666666665
1 0.17604166666666668 0.278125 0.042708333333333334 0.036458333333333336
2 0.8427083333333333 0.484375 0.11875 0.228125
3 0.046875 0.30416666666666664 0.09270833333333334 0.07708333333333334
1 0.22291666666666668 0.278125 0.022916666666666665 0.027083333333333334