1 0.15729166666666666 0.725 0.18541666666666667 0.06770833333333333
2 0.9708333333333333 0.7375 0.05416666666666667 0.075
2 0.8927083333333333 0.7260416666666667 0.10833333333333334 0.07291666666666667
2 0.007291666666666667 0.7354166666666667 0.014583333333333334 0.029166666666666667
2 0.659375 0.7333333333333333 0.06979166666666667 0.058333333333333334
2 0.7979166666666667 0.728125 0.08229166666666667 0.06354166666666666
2 0.35208333333333336 0.7260416666666667 0.071875 0.059375
2 0.5927083333333333 0.728125 0.017708333333333333 0.04791666666666667
2 0.5072916666666667 0.7385416666666667 0.015625 0.029166666666666667
2 0.014583333333333334 0.7510416666666667 0.014583333333333334 0.011458333333333333
1 0.5916666666666667 0.6916666666666667 0.03125 0.025