1 0.3958333333333333 0.5 0.035416666666666666 0.022916666666666665
1 0.33958333333333335 0.5052083333333334 0.04583333333333333 0.025
1 0.6145833333333334 0.48333333333333334 0.036458333333333336 0.021875
1 0.5125 0.490625 0.03854166666666667 0.021875
1 0.5489583333333333 0.4895833333333333 0.007291666666666667 0.011458333333333333
1 0.4552083333333333 0.49895833333333334 0.036458333333333336 0.022916666666666665
1 0.07395833333333333 0.521875 0.046875 0.027083333333333334
1 0.28958333333333336 0.5052083333333334 0.028125 0.021875
1 0.928125 0.4583333333333333 0.03125 0.014583333333333334
1 0.017708333333333333 0.5270833333333333 0.03333333333333333 0.023958333333333335
1 0.6635416666666667 0.478125 0.022916666666666665 0.017708333333333333
1 0.5666666666666667 0.4864583333333333 0.020833333333333332 0.0125