1 0.46770833333333334 0.846875 0.10104166666666667 0.11458333333333333
1 0.76875 0.815625 0.035416666666666666 0.03854166666666667
1 0.8739583333333333 0.8270833333333333 0.04479166666666667 0.041666666666666664
1 0.9697916666666667 0.8364583333333333 0.05625 0.06458333333333334
1 0.10833333333333334 0.8145833333333333 0.04583333333333333 0.03333333333333333
1 0.15625 0.8083333333333333 0.05625 0.046875
1 0.3770833333333333 0.80625 0.027083333333333334 0.034375
1 0.22708333333333333 0.8125 0.034375 0.04791666666666667
1 0.40520833333333334 0.8072916666666666 0.029166666666666667 0.03333333333333333
1 0.6770833333333334 0.8010416666666667 0.030208333333333334 0.022916666666666665
1 0.03229166666666667 0.8020833333333334 0.023958333333333335 0.01875
1 0.28020833333333334 0.8760416666666667 0.18020833333333333 0.17291666666666666