1 0.5541666666666667 0.859375 0.025 0.028125
1 0.3104166666666667 0.9052083333333333 0.19375 0.11979166666666667
1 0.46770833333333334 0.878125 0.06666666666666667 0.075
1 0.49895833333333334 0.8708333333333333 0.05 0.04791666666666667
1 0.5177083333333333 0.8635416666666667 0.0375 0.03333333333333333
1 0.7197916666666667 0.8625 0.0625 0.040625
1 0.17916666666666667 0.9385416666666667 0.3458333333333333 0.12083333333333333
1 0.5333333333333333 0.8625 0.027083333333333334 0.030208333333333334
1 0.40520833333333334 0.859375 0.05 0.03333333333333333
1 0.59375 0.8604166666666667 0.05416666666666667 0.03229166666666667
1 0.6552083333333333 0.853125 0.034375 0.027083333333333334