2 0.5291666666666667 0.640625 0.60625 0.575
2 0.9041666666666667 0.61875 0.1875 0.4583333333333333
2 0.6708333333333333 0.378125 0.203125 0.11666666666666667
2 0.4322916666666667 0.48125 0.15104166666666666 0.21458333333333332
2 0.25729166666666664 0.54375 0.228125 0.403125
2 0.128125 0.4791666666666667 0.2552083333333333 0.4125
2 0.3770833333333333 0.43333333333333335 0.090625 0.19166666666666668
2 0.6822916666666666 0.49583333333333335 0.07916666666666666 0.18229166666666666
2 0.5010416666666667 0.43645833333333334 0.071875 0.10104166666666667
2 0.90625 0.39479166666666665 0.14791666666666667 0.15104166666666666
2 0.8302083333333333 0.45416666666666666 0.33541666666666664 0.43333333333333335