1 0.13645833333333332 0.684375 0.27291666666666664 0.12708333333333333
1 0.42291666666666666 0.6739583333333333 0.23645833333333333 0.12916666666666668
1 0.7541666666666667 0.6510416666666666 0.16041666666666668 0.09479166666666666
2 0.19791666666666666 0.853125 0.3927083333333333 0.2864583333333333
2 0.925 0.7447916666666666 0.09479166666666666 0.15625
2 0.3885416666666667 0.33125 0.1625 0.2947916666666667
2 0.175 0.27291666666666664 0.3489583333333333 0.3416666666666667
2 0.6677083333333333 0.40208333333333335 0.1875 0.18020833333333333
2 0.9052083333333333 0.4395833333333333 0.14166666666666666 0.159375
2 0.4552083333333333 0.4427083333333333 0.209375 0.11458333333333333
2 0.3072916666666667 0.7979166666666667 0.23645833333333333 0.22395833333333334
2 0.69375 0.7 0.215625 0.15625
1 0.7083333333333334 0.4583333333333333 0.21770833333333334 0.09895833333333333