2 0.603125 0.7739583333333333 0.06770833333333333 0.11041666666666666
2 0.5489583333333333 0.78125 0.053125 0.078125
2 0.69375 0.7895833333333333 0.103125 0.09375
1 0.36770833333333336 0.775 0.140625 0.128125
1 0.4666666666666667 0.765625 0.08020833333333334 0.08958333333333333
1 0.203125 0.740625 0.06145833333333333 0.058333333333333334
2 0.6395833333333333 0.7854166666666667 0.06041666666666667 0.09583333333333334
2 0.5135416666666667 0.7760416666666666 0.035416666666666666 0.08125
2 0.5 0.7697916666666667 0.04895833333333333 0.096875
1 0.125 0.7322916666666667 0.04479166666666667 0.052083333333333336
1 0.16770833333333332 0.740625 0.03229166666666667 0.051041666666666666
1 0.584375 0.7260416666666667 0.022916666666666665 0.035416666666666666
1 0.31145833333333334 0.7520833333333333 0.04375 0.06666666666666667
1 0.2875 0.7541666666666667 0.052083333333333336 0.06354166666666666
1 0.2635416666666667 0.75 0.04375 0.0625
1 0.16145833333333334 0.7375 0.04479166666666667 0.052083333333333336
1 0.10104166666666667 0.734375 0.016666666666666666 0.0375
2 0.5729166666666666 0.784375 0.04791666666666667 0.08229166666666667