1 0.7583333333333333 0.8583333333333333 0.184375 0.19166666666666668
1 0.609375 0.8375 0.046875 0.057291666666666664
1 0.9875 0.8802083333333334 0.021875 0.08541666666666667
1 0.15104166666666666 0.8520833333333333 0.11041666666666666 0.11354166666666667
1 0.4583333333333333 0.840625 0.016666666666666666 0.03854166666666667
1 0.9625 0.86875 0.07083333333333333 0.0875
1 0.6645833333333333 0.8395833333333333 0.034375 0.040625
0 0.43020833333333336 0.815625 0.0625 0.07604166666666666
1 0.23541666666666666 0.8395833333333333 0.022916666666666665 0.026041666666666668
1 0.8552083333333333 0.8375 0.01875 0.029166666666666667
3 0.06145833333333333 0.86875 0.12083333333333333 0.115625