2 0.06145833333333333 0.6354166666666666 0.121875 0.28958333333333336
2 0.165625 0.61875 0.16979166666666667 0.21041666666666667
2 0.2760416666666667 0.6020833333333333 0.08541666666666667 0.21354166666666666
2 0.34791666666666665 0.61875 0.10833333333333334 0.146875
2 0.378125 0.5822916666666667 0.146875 0.17395833333333333
2 0.46770833333333334 0.571875 0.08020833333333334 0.15520833333333334
2 0.50625 0.5614583333333333 0.125 0.14375
2 0.6479166666666667 0.5614583333333333 0.03333333333333333 0.06979166666666667
2 0.5802083333333333 0.5583333333333333 0.053125 0.13229166666666667
2 0.6114583333333333 0.56875 0.07083333333333333 0.08229166666666667
2 0.6625 0.5552083333333333 0.03958333333333333 0.078125
2 0.6822916666666666 0.540625 0.03958333333333333 0.09270833333333334
2 0.7125 0.5489583333333333 0.03333333333333333 0.057291666666666664
2 0.5833333333333334 0.54375 0.48333333333333334 0.11666666666666667