1 0.6864583333333333 0.5145833333333333 0.04791666666666667 0.028125
1 0.5447916666666667 0.5052083333333334 0.023958333333333335 0.020833333333333332
0 0.5989583333333334 0.503125 0.041666666666666664 0.08958333333333333
1 0.5447916666666667 0.5052083333333334 0.022916666666666665 0.022916666666666665
1 0.49270833333333336 0.5177083333333333 0.020833333333333332 0.03333333333333333
1 0.2833333333333333 0.5458333333333333 0.04791666666666667 0.078125
1 0.50625 0.5135416666666667 0.01875 0.028125
1 0.45625 0.50625 0.013541666666666667 0.025
1 0.5072916666666667 0.48020833333333335 0.008333333333333333 0.008333333333333333
1 0.5322916666666667 0.5020833333333333 0.0125 0.016666666666666666
0 0.36875 0.5395833333333333 0.12395833333333334 0.11770833333333333
3 0.4822916666666667 0.578125 0.059375 0.06354166666666666
3 0.446875 0.5104166666666666 0.01875 0.036458333333333336
1 0.5197916666666667 0.5541666666666667 0.015625 0.03125
1 0.6427083333333333 0.5166666666666667 0.051041666666666666 0.026041666666666668
1 0.7854166666666667 0.5114583333333333 0.0625 0.03958333333333333
0 0.5333333333333333 0.478125 0.022916666666666665 0.036458333333333336
3 0.28958333333333336 0.5197916666666667 0.036458333333333336 0.025