1 0.2552083333333333 0.7604166666666666 0.046875 0.059375
1 0.546875 0.778125 0.036458333333333336 0.04895833333333333
1 0.23125 0.7614583333333333 0.03854166666666667 0.051041666666666666
1 0.39375 0.759375 0.042708333333333334 0.04479166666666667
1 0.4427083333333333 0.765625 0.03958333333333333 0.05416666666666667
1 0.6854166666666667 0.8114583333333333 0.06770833333333333 0.05416666666666667
0 0.8052083333333333 0.7979166666666667 0.175 0.209375
1 0.11770833333333333 0.7645833333333333 0.075 0.08020833333333334
1 0.29583333333333334 0.7697916666666667 0.028125 0.040625
1 0.5041666666666667 0.7729166666666667 0.041666666666666664 0.046875
1 0.2864583333333333 0.73125 0.023958333333333335 0.026041666666666668
1 0.4125 0.771875 0.019791666666666666 0.03229166666666667