0 0.34270833333333334 0.165625 0.134375 0.15208333333333332
0 0.596875 0.234375 0.384375 0.2791666666666667
3 0.06354166666666666 0.084375 0.042708333333333334 0.04583333333333333
1 0.5333333333333333 0.4583333333333333 0.278125 0.24270833333333333
1 0.13854166666666667 0.18958333333333333 0.058333333333333334 0.053125
1 0.19479166666666667 0.16666666666666666 0.05 0.05416666666666667
1 0.16354166666666667 0.15520833333333334 0.04583333333333333 0.051041666666666666
3 0.24583333333333332 0.18958333333333333 0.084375 0.06979166666666667
3 0.91875 0.234375 0.103125 0.07916666666666666
1 0.2791666666666667 0.2708333333333333 0.12291666666666666 0.10833333333333334
1 0.10625 0.13645833333333332 0.057291666666666664 0.03125
1 0.11145833333333334 0.11041666666666666 0.03333333333333333 0.029166666666666667
1 0.06354166666666666 0.11458333333333333 0.035416666666666666 0.028125
1 0.07083333333333333 0.15208333333333332 0.05520833333333333 0.05
1 0.24479166666666666 0.13229166666666667 0.05520833333333333 0.03229166666666667
3 0.8729166666666667 0.1875 0.06770833333333333 0.05416666666666667
3 0.9458333333333333 0.434375 0.103125 0.13229166666666667
1 0.9677083333333333 0.17291666666666666 0.06041666666666667 0.07916666666666666