1 0.246875 0.759375 0.15 0.09270833333333334
1 0.051041666666666666 0.765625 0.09479166666666666 0.08333333333333333
1 0.371875 0.7583333333333333 0.13229166666666667 0.10208333333333333
1 0.14166666666666666 0.7635416666666667 0.13229166666666667 0.09375
1 0.46145833333333336 0.725 0.020833333333333332 0.03333333333333333
1 0.5677083333333334 0.7104166666666667 0.016666666666666666 0.021875
3 0.5135416666666667 0.7291666666666666 0.0875 0.090625
1 0.446875 0.7208333333333333 0.023958333333333335 0.026041666666666668
1 0.7229166666666667 0.6989583333333333 0.023958333333333335 0.013541666666666667
1 0.6958333333333333 0.70625 0.020833333333333332 0.019791666666666666
1 0.5645833333333333 0.7291666666666666 0.034375 0.042708333333333334