3 0.5864583333333333 0.5072916666666667 0.8229166666666666 0.45625
1 0.7927083333333333 0.35 0.06354166666666666 0.026041666666666668
1 0.21770833333333334 0.34791666666666665 0.051041666666666666 0.090625
1 0.6125 0.290625 0.07083333333333333 0.028125
1 0.3145833333333333 0.2625 0.04895833333333333 0.058333333333333334
1 0.7885416666666667 0.3375 0.08645833333333333 0.036458333333333336
1 0.7302083333333333 0.3385416666666667 0.059375 0.035416666666666666
1 0.95625 0.384375 0.04375 0.020833333333333332
1 0.6864583333333333 0.3333333333333333 0.04375 0.03229166666666667
3 0.6427083333333333 0.31354166666666666 0.04479166666666667 0.035416666666666666
1 0.8322916666666667 0.3614583333333333 0.09270833333333334 0.035416666666666666