1 0.16041666666666668 0.49166666666666664 0.042708333333333334 0.029166666666666667
1 0.16354166666666667 0.4739583333333333 0.036458333333333336 0.015625
1 0.22708333333333333 0.490625 0.041666666666666664 0.019791666666666666
1 0.3072916666666667 0.48020833333333335 0.03229166666666667 0.022916666666666665
1 0.3416666666666667 0.46979166666666666 0.019791666666666666 0.019791666666666666
1 0.38645833333333335 0.46875 0.027083333333333334 0.017708333333333333
1 0.36354166666666665 0.46458333333333335 0.01875 0.019791666666666666
1 0.027083333333333334 0.45 0.029166666666666667 0.016666666666666666
1 0.051041666666666666 0.4583333333333333 0.03125 0.022916666666666665
1 0.259375 0.4739583333333333 0.04583333333333333 0.025
1 0.42291666666666666 0.46458333333333335 0.023958333333333335 0.011458333333333333
1 0.27708333333333335 0.484375 0.04895833333333333 0.025
1 0.06666666666666667 0.5 0.040625 0.034375
1 0.4979166666666667 0.459375 0.022916666666666665 0.017708333333333333
1 0.4739583333333333 0.4625 0.9458333333333333 0.1