2 0.24270833333333333 0.8427083333333333 0.18125 0.08333333333333333
1 0.403125 0.7583333333333333 0.178125 0.05520833333333333
1 0.6479166666666667 0.7520833333333333 0.12083333333333333 0.036458333333333336
1 0.5572916666666666 0.7479166666666667 0.090625 0.027083333333333334
1 0.20729166666666668 0.746875 0.146875 0.035416666666666666
1 0.1 0.7416666666666667 0.140625 0.03333333333333333
1 0.040625 0.7541666666666667 0.07604166666666666 0.03958333333333333
1 0.5125 0.7427083333333333 0.09270833333333334 0.030208333333333334
1 0.6802083333333333 0.7364583333333333 0.0625 0.020833333333333332
1 0.7010416666666667 0.715625 0.084375 0.027083333333333334
1 0.878125 0.7416666666666667 0.057291666666666664 0.023958333333333335
1 0.7291666666666666 0.7416666666666667 0.036458333333333336 0.020833333333333332
3 0.7770833333333333 0.734375 0.07916666666666666 0.041666666666666664
1 0.9041666666666667 0.7395833333333334 0.034375 0.019791666666666666