1 0.20208333333333334 0.7479166666666667 0.046875 0.051041666666666666
1 0.14375 0.753125 0.04583333333333333 0.04479166666666667
1 0.046875 0.7697916666666667 0.06041666666666667 0.04583333333333333
1 0.28125 0.7302083333333333 0.028125 0.034375
1 0.4895833333333333 0.6979166666666666 0.016666666666666666 0.021875
1 0.471875 0.6854166666666667 0.013541666666666667 0.0125
1 0.4864583333333333 0.6770833333333334 0.009375 0.009375
1 0.22291666666666668 0.73125 0.025 0.030208333333333334
1 0.28020833333333334 0.7104166666666667 0.016666666666666666 0.017708333333333333
1 0.4625 0.6791666666666667 0.010416666666666666 0.009375
1 0.503125 0.678125 0.0125 0.015625
1 0.4552083333333333 0.678125 0.007291666666666667 0.007291666666666667