0 0.28125 0.6291666666666667 0.08229166666666667 0.06145833333333333
0 0.34375 0.6333333333333333 0.041666666666666664 0.04895833333333333
0 0.5083333333333333 0.665625 0.08020833333333334 0.084375
0 0.4552083333333333 0.66875 0.07395833333333333 0.078125
0 0.5583333333333333 0.6645833333333333 0.06145833333333333 0.06875
0 0.6010416666666667 0.6625 0.06770833333333333 0.06979166666666667
0 0.684375 0.6625 0.057291666666666664 0.06979166666666667
0 0.640625 0.6625 0.06354166666666666 0.07083333333333333
0 0.4166666666666667 0.6697916666666667 0.09583333333333334 0.084375
0 0.4427083333333333 0.6239583333333333 0.075 0.04895833333333333
0 0.4010416666666667 0.6270833333333333 0.075 0.058333333333333334
0 0.47604166666666664 0.6166666666666667 0.06041666666666667 0.040625
0 0.5114583333333333 0.6177083333333333 0.06354166666666666 0.040625
0 0.50625 0.58125 0.71875 0.315625