1 0.221875 0.615625 0.10416666666666667 0.04583333333333333
1 0.2677083333333333 0.6552083333333333 0.12916666666666668 0.05625
1 0.32395833333333335 0.61875 0.10833333333333334 0.04895833333333333
1 0.4427083333333333 0.6229166666666667 0.11770833333333333 0.07083333333333333
1 0.7114583333333333 0.7125 0.121875 0.1
1 0.16770833333333332 0.6520833333333333 0.10625 0.0625
1 0.7947916666666667 0.5583333333333333 0.078125 0.04583333333333333
1 0.0625 0.6791666666666667 0.125 0.06666666666666667
1 0.6989583333333333 0.5708333333333333 0.08020833333333334 0.042708333333333334
0 0.3541666666666667 0.8458333333333333 0.6729166666666667 0.30416666666666664
2 0.19270833333333334 0.7708333333333334 0.078125 0.05
2 0.37916666666666665 0.5520833333333334 0.020833333333333332 0.025
2 0.6604166666666667 0.6833333333333333 0.05 0.046875
2 0.553125 0.6916666666666667 0.06041666666666667 0.04583333333333333
2 0.5 0.671875 0.042708333333333334 0.042708333333333334
3 0.6135416666666667 0.5822916666666667 0.11770833333333333 0.08020833333333334
1 0.815625 0.7364583333333333 0.14791666666666667 0.11041666666666666
2 0.8927083333333333 0.896875 0.058333333333333334 0.1125
2 0.4197916666666667 0.7166666666666667 0.05625 0.027083333333333334
2 0.33958333333333335 0.7447916666666666 0.06770833333333333 0.057291666666666664
2 0.83125 0.6604166666666667 0.05 0.035416666666666666
2 0.28125 0.765625 0.06875 0.06145833333333333
2 0.3020833333333333 0.7104166666666667 0.028125 0.036458333333333336
2 0.20416666666666666 0.8 0.07395833333333333 0.035416666666666666
1 0.052083333333333336 0.6354166666666666 0.103125 0.051041666666666666
2 0.04895833333333333 0.7697916666666667 0.06041666666666667 0.058333333333333334
1 0.5239583333333333 0.5666666666666667 0.07708333333333334 0.04583333333333333
1 0.6729166666666667 0.5479166666666667 0.052083333333333336 0.021875
1 0.896875 0.8854166666666666 0.01875 0.125
2 0.515625 0.5208333333333334 0.0375 0.03333333333333333