1 0.7770833333333333 0.646875 0.053125 0.04375
1 0.759375 0.6135416666666667 0.035416666666666666 0.026041666666666668
1 0.6541666666666667 0.56875 0.01875 0.013541666666666667
1 0.8208333333333333 0.6385416666666667 0.052083333333333336 0.035416666666666666
1 0.6385416666666667 0.5541666666666667 0.023958333333333335 0.019791666666666666
1 0.228125 0.6427083333333333 0.05 0.034375
1 0.39895833333333336 0.5395833333333333 0.013541666666666667 0.017708333333333333
1 0.27708333333333335 0.6 0.035416666666666666 0.028125
3 0.7020833333333333 0.5677083333333334 0.06979166666666667 0.058333333333333334
1 0.96875 0.7177083333333333 0.058333333333333334 0.052083333333333336
1 0.721875 0.6052083333333333 0.04479166666666667 0.029166666666666667
3 0.721875 0.6052083333333333 0.0375 0.036458333333333336
1 0.6177083333333333 0.540625 0.011458333333333333 0.017708333333333333
1 0.38125 0.5458333333333333 0.011458333333333333 0.011458333333333333
1 0.609375 0.5354166666666667 0.0125 0.0125
1 0.6875 0.6885416666666667 0.621875 0.24166666666666667