3 0.6958333333333333 0.7260416666666667 0.18541666666666667 0.10520833333333333
1 0.20416666666666666 0.7416666666666667 0.08645833333333333 0.08229166666666667
1 0.22083333333333333 0.696875 0.06458333333333334 0.03229166666666667
1 0.28020833333333334 0.715625 0.11354166666666667 0.06041666666666667
1 0.428125 0.725 0.11875 0.05520833333333333
3 0.07604166666666666 0.6635416666666667 0.09895833333333333 0.06666666666666667
1 0.3541666666666667 0.71875 0.0625 0.04791666666666667
1 0.5291666666666667 0.7322916666666667 0.12916666666666668 0.0625
1 0.084375 0.7177083333333333 0.08645833333333333 0.04479166666666667
1 0.17395833333333333 0.6895833333333333 0.042708333333333334 0.015625
1 0.175 0.696875 0.0375 0.010416666666666666
1 0.030208333333333334 0.7166666666666667 0.057291666666666664 0.06145833333333333