1 0.4979166666666667 0.9541666666666667 0.10104166666666667 0.06041666666666667
1 0.6552083333333333 0.959375 0.11770833333333333 0.0625
1 0.315625 0.9333333333333333 0.084375 0.052083333333333336
1 0.2864583333333333 0.875 0.059375 0.03958333333333333
1 0.8822916666666667 0.9635416666666666 0.10729166666666666 0.06875
1 0.6625 0.88125 0.05625 0.030208333333333334
1 0.6322916666666667 0.8697916666666666 0.04375 0.026041666666666668
1 0.5791666666666667 0.859375 0.046875 0.022916666666666665
1 0.7614583333333333 0.9291666666666667 0.08333333333333333 0.04895833333333333
1 0.5385416666666667 0.8666666666666667 0.046875 0.030208333333333334
1 0.94375 0.965625 0.06145833333333333 0.065625
1 0.35625 0.94375 0.08645833333333333 0.04895833333333333
1 0.10625 0.93125 0.115625 0.021875
1 0.49895833333333334 0.91875 0.9979166666666667 0.159375