3 0.48854166666666665 0.3104166666666667 0.178125 0.115625
1 0.4 0.5010416666666667 0.171875 0.14583333333333334
3 0.5708333333333333 0.15625 0.041666666666666664 0.058333333333333334
3 0.225 0.6104166666666667 0.27395833333333336 0.271875
1 0.11145833333333334 0.25 0.11041666666666666 0.09375
1 0.07083333333333333 0.509375 0.140625 0.21145833333333333
1 0.896875 0.7052083333333333 0.1875 0.31666666666666665
1 0.0625 0.271875 0.12395833333333334 0.09479166666666666
1 0.24375 0.22604166666666667 0.07083333333333333 0.06041666666666667
1 0.9875 0.32395833333333335 0.021875 0.07916666666666666
1 0.5864583333333333 0.30520833333333336 0.109375 0.08958333333333333
1 0.3260416666666667 0.20625 0.09166666666666666 0.04583333333333333
1 0.35833333333333334 0.196875 0.08333333333333333 0.04479166666666667
1 0.5020833333333333 0.2375 0.0875 0.05520833333333333
1 0.5635416666666667 0.20104166666666667 0.8708333333333333 0.23541666666666666