2 0.16875 0.5552083333333333 0.2125 0.2677083333333333
2 0.290625 0.528125 0.09791666666666667 0.21041666666666667
2 0.3458333333333333 0.496875 0.11041666666666666 0.17083333333333334
2 0.8135416666666667 0.5791666666666667 0.2708333333333333 0.3614583333333333
2 0.6479166666666667 0.5020833333333333 0.14583333333333334 0.159375
2 0.08229166666666667 0.6791666666666667 0.15833333333333333 0.3958333333333333
2 0.5697916666666667 0.4239583333333333 0.065625 0.0625
2 0.3875 0.4666666666666667 0.06458333333333334 0.13125
2 0.4125 0.4510416666666667 0.046875 0.09791666666666667
2 0.446875 0.4270833333333333 0.042708333333333334 0.0625
2 0.6145833333333334 0.453125 0.12395833333333334 0.12291666666666666
2 0.4270833333333333 0.440625 0.046875 0.06666666666666667
2 0.45625 0.4197916666666667 0.027083333333333334 0.04479166666666667
2 0.31979166666666664 0.42083333333333334 0.48541666666666666 0.075