1 0.3020833333333333 0.8604166666666667 0.1875 0.09895833333333333
1 0.35520833333333335 0.7583333333333333 0.09166666666666666 0.059375
1 0.31875 0.73125 0.08125 0.04791666666666667
1 0.2625 0.6947916666666667 0.07291666666666667 0.03854166666666667
1 0.3385416666666667 0.7458333333333333 0.084375 0.051041666666666666
1 0.19791666666666666 0.603125 0.059375 0.01875
1 0.057291666666666664 0.6020833333333333 0.041666666666666664 0.021875
1 0.051041666666666666 0.6854166666666667 0.028125 0.04583333333333333
3 0.23854166666666668 0.66875 0.08333333333333333 0.051041666666666666
1 0.25625 0.85 0.13020833333333334 0.08958333333333333
1 0.878125 0.8520833333333333 0.0875 0.14583333333333334
1 0.20416666666666666 0.659375 0.05 0.03958333333333333
1 0.16875 0.6291666666666667 0.053125 0.03229166666666667