0 0.6333333333333333 0.8760416666666667 0.14166666666666666 0.24375
0 0.8489583333333334 0.7666666666666667 0.29791666666666666 0.4625
0 0.49166666666666664 0.9291666666666667 0.041666666666666664 0.134375
0 0.5395833333333333 0.9104166666666667 0.059375 0.175
1 0.140625 0.9854166666666667 0.0375 0.025
1 0.390625 0.9697916666666667 0.07708333333333334 0.05625
1 0.20416666666666666 0.9520833333333333 0.05 0.058333333333333334
1 0.4583333333333333 0.9760416666666667 0.03333333333333333 0.04375
3 0.35625 0.9604166666666667 0.06666666666666667 0.07083333333333333
3 0.39166666666666666 0.9739583333333334 0.07291666666666667 0.051041666666666666
3 0.20208333333333334 0.9760416666666667 0.06458333333333334 0.04375