1 0.15520833333333334 0.7979166666666667 0.10625 0.07916666666666666
1 0.23229166666666667 0.7770833333333333 0.052083333333333336 0.04479166666666667
1 0.8572916666666667 0.8 0.10208333333333333 0.08020833333333334
1 0.81875 0.775 0.0875 0.057291666666666664
1 0.5354166666666667 0.7802083333333333 0.07916666666666666 0.058333333333333334
0 0.928125 0.7354166666666667 0.140625 0.12083333333333333
1 0.30520833333333336 0.7708333333333334 0.10625 0.04375
1 0.18333333333333332 0.7802083333333333 0.09270833333333334 0.0625
1 0.47604166666666664 0.78125 0.1 0.052083333333333336
1 0.19375 0.625 0.046875 0.040625
1 0.5375 0.7645833333333333 0.10104166666666667 0.04895833333333333
1 0.32395833333333335 0.7145833333333333 0.096875 0.04375
1 0.19479166666666667 0.528125 0.046875 0.040625
1 0.19270833333333334 0.4427083333333333 0.07916666666666666 0.030208333333333334
1 0.49895833333333334 0.43854166666666666 0.9979166666666667 0.8708333333333333