1 0.571875 0.7229166666666667 0.18645833333333334 0.2125
1 0.83125 0.690625 0.04583333333333333 0.057291666666666664
1 0.334375 0.675 0.05520833333333333 0.03958333333333333
1 0.296875 0.6791666666666667 0.041666666666666664 0.03333333333333333
1 0.4114583333333333 0.678125 0.0375 0.020833333333333332
0 0.7354166666666667 0.6583333333333333 0.034375 0.041666666666666664
3 0.865625 0.6770833333333334 0.03333333333333333 0.052083333333333336
3 0.6375 0.6583333333333333 0.034375 0.04375
1 0.7083333333333334 0.6854166666666667 0.042708333333333334 0.051041666666666666
1 0.7583333333333333 0.66875 0.017708333333333333 0.011458333333333333
1 0.459375 0.675 0.040625 0.025
1 0.19375 0.6760416666666667 0.0375 0.034375
1 0.8666666666666667 0.6864583333333333 0.030208333333333334 0.03229166666666667
1 0.6677083333333333 0.671875 0.023958333333333335 0.011458333333333333
3 0.09895833333333333 0.7125 0.196875 0.19583333333333333
1 0.4791666666666667 0.678125 0.020833333333333332 0.022916666666666665
3 0.8083333333333333 0.6770833333333334 0.023958333333333335 0.0375
1 0.459375 0.7083333333333334 0.91875 0.19479166666666667