1 0.740625 0.525 0.18125 0.10416666666666667
1 0.8385416666666666 0.509375 0.17916666666666667 0.12083333333333333
1 0.9625 0.49895833333333334 0.07083333333333333 0.08541666666666667
1 0.9322916666666666 0.471875 0.0625 0.03958333333333333
1 0.03229166666666667 0.5447916666666667 0.06458333333333334 0.09479166666666666
1 0.16458333333333333 0.5104166666666666 0.06666666666666667 0.05416666666666667
3 0.8916666666666667 0.4666666666666667 0.071875 0.04375
1 0.26145833333333335 0.490625 0.019791666666666666 0.019791666666666666
1 0.95625 0.4510416666666667 0.05625 0.023958333333333335
1 0.984375 0.44583333333333336 0.028125 0.03333333333333333
3 0.07604166666666666 0.521875 0.13854166666666667 0.08125
3 0.21458333333333332 0.4979166666666667 0.06770833333333333 0.04583333333333333