1 0.9291666666666667 0.7625 0.1375 0.44583333333333336
1 0.853125 0.68125 0.09791666666666667 0.2635416666666667
1 0.9270833333333334 0.7010416666666667 0.14270833333333333 0.35
1 0.041666666666666664 0.6239583333333333 0.04375 0.06145833333333333
3 0.9270833333333334 0.7604166666666666 0.14479166666666668 0.45208333333333334
3 0.7010416666666667 0.6677083333333333 0.09375 0.13958333333333334
1 0.5447916666666667 0.6291666666666667 0.027083333333333334 0.03333333333333333
1 0.803125 0.671875 0.026041666666666668 0.10625
1 0.7447916666666666 0.6541666666666667 0.013541666666666667 0.051041666666666666
2 0.7802083333333333 0.671875 0.015625 0.04479166666666667
1 0.6135416666666667 0.696875 0.14583333333333334 0.15625
2 0.4197916666666667 0.740625 0.0375 0.11770833333333333
2 0.7635416666666667 0.6697916666666667 0.021875 0.04479166666666667