1 0.7104166666666667 0.7510416666666667 0.153125 0.21041666666666667
1 0.971875 0.703125 0.05520833333333333 0.09479166666666666
1 0.7791666666666667 0.684375 0.04791666666666667 0.06770833333333333
1 0.8645833333333334 0.6770833333333334 0.05520833333333333 0.059375
1 0.9125 0.665625 0.04583333333333333 0.06145833333333333
2 0.815625 0.8604166666666667 0.09375 0.20729166666666668
2 0.853125 0.7302083333333333 0.041666666666666664 0.05625
2 0.925 0.8072916666666666 0.065625 0.14479166666666668
2 0.79375 0.7135416666666666 0.017708333333333333 0.028125
2 0.5791666666666667 0.7416666666666667 0.06666666666666667 0.04791666666666667
3 0.9145833333333333 0.6677083333333333 0.051041666666666666 0.065625
3 0.196875 0.7260416666666667 0.2 0.19791666666666666
1 0.934375 0.665625 0.020833333333333332 0.059375
1 0.9916666666666667 0.6489583333333333 0.0125 0.013541666666666667
1 0.19895833333333332 0.7229166666666667 0.21979166666666666 0.2125
3 0.057291666666666664 0.709375 0.11041666666666666 0.20729166666666668
1 0.95 0.6697916666666667 0.020833333333333332 0.052083333333333336