2 0.6541666666666667 0.6541666666666667 0.1875 0.190625
2 0.50625 0.5708333333333333 0.14583333333333334 0.18541666666666667
2 0.41770833333333335 0.5125 0.057291666666666664 0.10625
2 0.5927083333333333 0.5 0.084375 0.08541666666666667
2 0.6427083333333333 0.5333333333333333 0.07395833333333333 0.10104166666666667
1 0.578125 0.4322916666666667 0.053125 0.046875
1 0.9104166666666667 0.4583333333333333 0.178125 0.08854166666666667
3 0.8708333333333333 0.3958333333333333 0.25625 0.17916666666666667
1 0.371875 0.3854166666666667 0.013541666666666667 0.015625
1 0.9677083333333333 0.5333333333333333 0.06041666666666667 0.04583333333333333
1 0.47708333333333336 0.3854166666666667 0.025 0.020833333333333332
1 0.3802083333333333 0.378125 0.0125 0.015625
1 0.35625 0.3875 0.010416666666666666 0.017708333333333333
2 0.9770833333333333 0.5645833333333333 0.041666666666666664 0.10416666666666667
2 0.85 0.46875 0.041666666666666664 0.06041666666666667
2 0.6375 0.525 0.090625 0.08333333333333333
2 0.47604166666666664 0.5375 0.065625 0.06875