1 0.5604166666666667 0.578125 0.06458333333333334 0.025
1 0.3927083333333333 0.5729166666666666 0.06145833333333333 0.03854166666666667
1 0.225 0.578125 0.028125 0.015625
1 0.18645833333333334 0.5802083333333333 0.027083333333333334 0.016666666666666666
0 0.3104166666666667 0.5625 0.13020833333333334 0.09583333333333334
3 0.803125 0.6020833333333333 0.390625 0.2520833333333333
1 0.43020833333333336 0.5760416666666667 0.03333333333333333 0.022916666666666665
1 0.49166666666666664 0.5833333333333334 0.090625 0.03854166666666667
1 0.21875 0.575 0.020833333333333332 0.016666666666666666
1 0.5447916666666667 0.5677083333333334 0.04479166666666667 0.016666666666666666
1 0.446875 0.571875 0.01875 0.010416666666666666
1 0.24375 0.5791666666666667 0.014583333333333334 0.028125