1 0.80625 0.49166666666666664 0.13333333333333333 0.1125
1 0.8791666666666667 0.46979166666666666 0.08020833333333334 0.07916666666666666
1 0.9114583333333334 0.459375 0.04375 0.065625
1 0.05625 0.50625 0.11041666666666666 0.13125
3 0.3770833333333333 0.5083333333333333 0.7364583333333333 0.7645833333333333
1 0.946875 0.428125 0.052083333333333336 0.0375
1 0.9739583333333334 0.43125 0.015625 0.035416666666666666
1 0.046875 0.4625 0.09375 0.075
1 0.9302083333333333 0.43333333333333335 0.025 0.034375
1 0.06041666666666667 0.42916666666666664 0.05520833333333333 0.015625
1 0.08854166666666667 0.43854166666666666 0.04479166666666667 0.03229166666666667