1 0.921875 0.328125 0.026041666666666668 0.03125
1 0.8958333333333334 0.328125 0.025 0.026041666666666668
1 0.8385416666666666 0.3260416666666667 0.03333333333333333 0.029166666666666667
1 0.8989583333333333 0.37395833333333334 0.036458333333333336 0.015625
1 0.9625 0.37604166666666666 0.05416666666666667 0.030208333333333334
1 0.515625 0.25625 0.042708333333333334 0.027083333333333334
1 0.478125 0.25729166666666664 0.030208333333333334 0.022916666666666665
1 0.475 0.234375 0.03333333333333333 0.035416666666666666
1 0.49895833333333334 0.39895833333333336 0.04791666666666667 0.03333333333333333
1 0.753125 0.42083333333333334 0.040625 0.017708333333333333
1 0.7854166666666667 0.321875 0.0375 0.03125
1 0.7447916666666666 0.325 0.06979166666666667 0.052083333333333336