1 0.5072916666666667 0.8125 0.15833333333333333 0.19375
1 0.7385416666666667 0.8020833333333334 0.14583333333333334 0.20625
1 0.59375 0.6125 0.1125 0.14166666666666666
1 0.7572916666666667 0.66875 0.10729166666666666 0.11458333333333333
1 0.23541666666666666 0.8802083333333334 0.2 0.21666666666666667
1 0.41875 0.6010416666666667 0.13541666666666666 0.15520833333333334
1 0.4979166666666667 0.5385416666666667 0.10416666666666667 0.15208333333333332
2 0.6020833333333333 0.95625 0.06666666666666667 0.08333333333333333
0 0.21041666666666667 0.60625 0.328125 0.409375
0 0.43333333333333335 0.315625 0.13020833333333334 0.16458333333333333
1 0.05520833333333333 0.8833333333333333 0.11041666666666666 0.22916666666666666
1 0.765625 0.5739583333333333 0.08020833333333334 0.075
1 0.5916666666666667 0.709375 0.13229166666666667 0.16875
0 0.54375 0.228125 0.075 0.103125
3 0.3729166666666667 0.7322916666666667 0.178125 0.21770833333333334
1 0.6895833333333333 0.41875 0.075 0.084375
2 0.8729166666666667 0.325 0.015625 0.03333333333333333
2 0.8625 0.5666666666666667 0.028125 0.046875
2 0.8125 0.6270833333333333 0.05625 0.08333333333333333