1 0.7114583333333333 0.5635416666666667 0.017708333333333333 0.009375
1 0.721875 0.5635416666666667 0.015625 0.009375
1 0.7291666666666666 0.565625 0.013541666666666667 0.009375
1 0.75625 0.5666666666666667 0.017708333333333333 0.0125
1 0.8729166666666667 0.5614583333333333 0.030208333333333334 0.011458333333333333
1 0.80625 0.5666666666666667 0.030208333333333334 0.011458333333333333
1 0.85 0.5635416666666667 0.03333333333333333 0.015625
1 0.9 0.5625 0.021875 0.008333333333333333
1 0.7677083333333333 0.565625 0.017708333333333333 0.013541666666666667
1 0.7416666666666667 0.565625 0.023958333333333335 0.009375
1 0.9645833333333333 0.5541666666666667 0.013541666666666667 0.014583333333333334
1 0.7520833333333333 0.55625 0.022916666666666665 0.009375
1 0.8239583333333333 0.5635416666666667 0.0125 0.010416666666666666
1 0.8458333333333333 0.5583333333333333 0.17083333333333334 0.03333333333333333