1 0.6791666666666667 0.484375 0.14375 0.058333333333333334
1 0.41458333333333336 0.5270833333333333 0.22604166666666667 0.12291666666666666
2 0.965625 0.6625 0.051041666666666666 0.14583333333333334
2 0.8166666666666667 0.6260416666666667 0.10208333333333333 0.18229166666666666
2 0.7302083333333333 0.6260416666666667 0.07916666666666666 0.13333333333333333
2 0.6552083333333333 0.6197916666666666 0.09166666666666666 0.12083333333333333
2 0.6010416666666667 0.6145833333333334 0.08125 0.11145833333333334
2 0.484375 0.5895833333333333 0.08645833333333333 0.13229166666666667
2 0.446875 0.5791666666666667 0.06041666666666667 0.09791666666666667
2 0.11666666666666667 0.5604166666666667 0.09270833333333334 0.08333333333333333
2 0.9125 0.6541666666666667 0.06041666666666667 0.15208333333333332
1 0.03333333333333333 0.45416666666666666 0.06666666666666667 0.05416666666666667
2 0.5552083333333333 0.47291666666666665 0.028125 0.065625
2 0.8104166666666667 0.4791666666666667 0.03333333333333333 0.034375
2 0.821875 0.503125 0.020833333333333332 0.026041666666666668