1 0.41354166666666664 0.7260416666666667 0.08229166666666667 0.0875
1 0.6895833333333333 0.715625 0.08020833333333334 0.065625
1 0.21875 0.6989583333333333 0.06979166666666667 0.03333333333333333
1 0.15104166666666666 0.7020833333333333 0.06354166666666666 0.036458333333333336
1 0.8479166666666667 0.703125 0.05 0.035416666666666666
1 0.75 0.7072916666666667 0.05 0.034375
3 0.33645833333333336 0.684375 0.10208333333333333 0.10833333333333334
1 0.065625 0.6947916666666667 0.040625 0.026041666666666668
1 0.10416666666666667 0.6989583333333333 0.016666666666666666 0.010416666666666666
1 0.17604166666666668 0.6864583333333333 0.020833333333333332 0.021875
1 0.2604166666666667 0.703125 0.03958333333333333 0.036458333333333336
1 0.03125 0.7979166666666667 0.06145833333333333 0.13541666666666666
1 0.81875 0.6958333333333333 0.034375 0.035416666666666666