1 0.11875 0.7760416666666666 0.228125 0.19375
1 0.2552083333333333 0.715625 0.128125 0.12916666666666668
1 0.3260416666666667 0.7114583333333333 0.1 0.0875
1 0.21875 0.65625 0.0625 0.04375
1 0.64375 0.7604166666666666 0.21041666666666667 0.13333333333333333
3 0.041666666666666664 0.6291666666666667 0.08333333333333333 0.08645833333333333
1 0.4864583333333333 0.7291666666666666 0.16145833333333334 0.11041666666666666
1 0.8395833333333333 0.8114583333333333 0.284375 0.1875
1 0.94375 0.7364583333333333 0.10833333333333334 0.11458333333333333
1 0.784375 0.7114583333333333 0.165625 0.059375
1 0.9416666666666667 0.8833333333333333 0.1125 0.21458333333333332