1 0.11458333333333333 0.6020833333333333 0.10833333333333334 0.075
1 0.55625 0.5854166666666667 0.084375 0.04583333333333333
1 0.4166666666666667 0.5864583333333333 0.078125 0.04479166666666667
1 0.28229166666666666 0.60625 0.058333333333333334 0.06666666666666667
1 0.865625 0.5916666666666667 0.015625 0.029166666666666667
1 0.9072916666666667 0.5916666666666667 0.03125 0.030208333333333334
1 0.95 0.59375 0.03333333333333333 0.030208333333333334
3 0.5125 0.565625 0.1125 0.06354166666666666
1 0.6635416666666667 0.584375 0.035416666666666666 0.027083333333333334
1 0.834375 0.590625 0.015625 0.025
1 0.6364583333333333 0.5854166666666667 0.025 0.021875