1 0.027083333333333334 0.47604166666666664 0.03854166666666667 0.09166666666666666
1 0.08020833333333334 0.465625 0.08229166666666667 0.078125
1 0.096875 0.45208333333333334 0.12291666666666666 0.08020833333333334
1 0.471875 0.4979166666666667 0.07291666666666667 0.0875
1 0.17291666666666666 0.434375 0.08229166666666667 0.0375
1 0.3958333333333333 0.49166666666666664 0.05520833333333333 0.06145833333333333
1 0.40729166666666666 0.46875 0.034375 0.027083333333333334
1 0.525 0.48020833333333335 0.057291666666666664 0.04791666666666667
1 0.621875 0.48333333333333334 0.078125 0.058333333333333334
1 0.6989583333333333 0.4947916666666667 0.11979166666666667 0.084375
1 0.9052083333333333 0.50625 0.13541666666666666 0.1125
1 0.20208333333333334 0.5291666666666667 0.16666666666666666 0.1625
1 0.13958333333333334 0.4635416666666667 0.271875 0.08854166666666667