1 0.17083333333333334 0.9208333333333333 0.190625 0.12395833333333334
1 0.07708333333333334 0.7927083333333333 0.090625 0.09270833333333334
1 0.28020833333333334 0.94375 0.10416666666666667 0.10833333333333334
1 0.15 0.8447916666666667 0.128125 0.07916666666666666
1 0.14166666666666666 0.7916666666666666 0.06145833333333333 0.06145833333333333
1 0.053125 0.7239583333333334 0.10208333333333333 0.09479166666666666
1 0.12291666666666666 0.753125 0.05625 0.041666666666666664
1 0.014583333333333334 0.7 0.029166666666666667 0.051041666666666666
1 0.334375 0.946875 0.08541666666666667 0.08333333333333333
0 0.23958333333333334 0.815625 0.178125 0.1875
1 0.21145833333333333 0.8677083333333333 0.08020833333333334 0.07708333333333334