1 0.17083333333333334 0.25104166666666666 0.0375 0.05416666666666667
1 0.5322916666666667 0.24479166666666666 0.05 0.03854166666666667
1 0.5364583333333334 0.22708333333333333 0.029166666666666667 0.035416666666666666
1 0.26666666666666666 0.23854166666666668 0.06041666666666667 0.05520833333333333
1 0.027083333333333334 0.2625 0.05416666666666667 0.07708333333333334
1 0.19375 0.2520833333333333 0.028125 0.04791666666666667
3 0.11041666666666666 0.24479166666666666 0.08958333333333333 0.078125
3 0.027083333333333334 0.265625 0.05416666666666667 0.07708333333333334
1 0.35 0.24583333333333332 0.027083333333333334 0.025
1 0.084375 0.246875 0.0625 0.0375
1 0.384375 0.23125 0.016666666666666666 0.023958333333333335
1 0.46875 0.23333333333333334 0.021875 0.019791666666666666
1 0.396875 0.2375 0.011458333333333333 0.025
1 0.215625 0.240625 0.042708333333333334 0.05