1 0.8208333333333333 0.5625 0.03333333333333333 0.029166666666666667
1 0.8677083333333333 0.628125 0.07604166666666666 0.11875
1 0.8260416666666667 0.6145833333333334 0.03229166666666667 0.06770833333333333
1 0.8520833333333333 0.5604166666666667 0.022916666666666665 0.025
3 0.8677083333333333 0.6260416666666667 0.084375 0.10833333333333334
1 0.9208333333333333 0.6572916666666667 0.12708333333333333 0.13541666666666666
1 0.9770833333333333 0.5864583333333333 0.040625 0.041666666666666664
1 0.8072916666666666 0.571875 0.035416666666666666 0.023958333333333335
1 0.6864583333333333 0.5802083333333333 0.020833333333333332 0.036458333333333336
1 0.9895833333333334 0.5895833333333333 0.016666666666666666 0.04583333333333333
1 0.9489583333333333 0.5760416666666667 0.034375 0.04583333333333333
1 0.8697916666666666 0.5645833333333333 0.013541666666666667 0.014583333333333334
1 0.8864583333333333 0.5604166666666667 0.022916666666666665 0.019791666666666666
1 0.9072916666666667 0.5739583333333333 0.017708333333333333 0.023958333333333335