1 0.046875 0.4 0.075 0.035416666666666666
1 0.6 0.36875 0.04375 0.020833333333333332
1 0.6708333333333333 0.359375 0.04791666666666667 0.026041666666666668
1 0.2916666666666667 0.3885416666666667 0.058333333333333334 0.020833333333333332
1 0.36354166666666665 0.3854166666666667 0.0625 0.023958333333333335
1 0.4114583333333333 0.384375 0.041666666666666664 0.028125
1 0.49895833333333334 0.375 0.017708333333333333 0.017708333333333333
1 0.5447916666666667 0.37395833333333334 0.04479166666666667 0.023958333333333335
1 0.2125 0.3958333333333333 0.06458333333333334 0.029166666666666667
1 0.4739583333333333 0.3729166666666667 0.017708333333333333 0.019791666666666666
1 0.8666666666666667 0.365625 0.07395833333333333 0.041666666666666664