1 0.14583333333333334 0.7833333333333333 0.153125 0.17916666666666667
1 0.70625 0.553125 0.05625 0.06770833333333333
1 0.634375 0.7583333333333333 0.12708333333333333 0.19479166666666667
1 0.9375 0.75625 0.11979166666666667 0.13333333333333333
1 0.815625 0.7229166666666667 0.05 0.08645833333333333
0 0.109375 0.3104166666666667 0.035416666666666666 0.05625
1 0.4510416666666667 0.7645833333333333 0.11666666666666667 0.225
1 0.7625 0.7145833333333333 0.08125 0.059375
1 0.89375 0.721875 0.10833333333333334 0.171875
1 0.3385416666666667 0.7729166666666667 0.046875 0.16666666666666666
1 0.390625 0.75625 0.09479166666666666 0.2125
1 0.7572916666666667 0.7635416666666667 0.09270833333333334 0.109375
1 0.5302083333333333 0.39791666666666664 0.0625 0.08958333333333333
2 0.5541666666666667 0.8166666666666667 0.04895833333333333 0.10104166666666667
1 0.9885416666666667 0.7114583333333333 0.01875 0.04791666666666667
2 0.5135416666666667 0.815625 0.03854166666666667 0.11041666666666666
1 0.17083333333333334 0.31979166666666664 0.08125 0.04895833333333333