2 0.1125 0.6645833333333333 0.225 0.21145833333333333
2 0.4635416666666667 0.5916666666666667 0.096875 0.12291666666666666
2 0.6260416666666667 0.6791666666666667 0.084375 0.2
2 0.3802083333333333 0.640625 0.09583333333333334 0.20416666666666666
2 0.6895833333333333 0.596875 0.05625 0.11354166666666667
1 0.596875 0.5135416666666667 0.109375 0.10520833333333333
2 0.47604166666666664 0.5208333333333334 0.06666666666666667 0.06041666666666667
1 0.046875 0.459375 0.03854166666666667 0.035416666666666666
2 0.9541666666666667 0.596875 0.090625 0.11666666666666667
2 0.7770833333333333 0.5260416666666666 0.040625 0.08333333333333333
2 0.9052083333333333 0.5479166666666667 0.05 0.03229166666666667
2 0.4822916666666667 0.4895833333333333 0.029166666666666667 0.03125
2 0.011458333333333333 0.5552083333333333 0.021875 0.06770833333333333