0 0.21145833333333333 0.5791666666666667 0.075 0.052083333333333336
0 0.7114583333333333 0.5666666666666667 0.052083333333333336 0.0625
0 0.734375 0.5635416666666667 0.051041666666666666 0.06145833333333333
0 0.9666666666666667 0.5697916666666667 0.0625 0.06458333333333334
0 0.8427083333333333 0.5520833333333334 0.16354166666666667 0.24791666666666667
0 0.3875 0.565625 0.121875 0.14479166666666668
0 0.290625 0.5666666666666667 0.09166666666666666 0.128125
0 0.646875 0.5875 0.09375 0.12708333333333333
0 0.5145833333333333 0.5895833333333333 0.13645833333333332 0.109375
0 0.01875 0.5541666666666667 0.034375 0.18541666666666667
0 0.14166666666666666 0.56875 0.075 0.08125
0 0.603125 0.5645833333333333 0.04583333333333333 0.07916666666666666