1 0.3875 0.6135416666666667 0.090625 0.10520833333333333
1 0.011458333333333333 0.49583333333333335 0.022916666666666665 0.0375
1 0.6239583333333333 0.625 0.07083333333333333 0.084375
1 0.146875 0.5927083333333333 0.11875 0.07708333333333334
1 0.1125 0.5583333333333333 0.030208333333333334 0.030208333333333334
1 0.7770833333333333 0.659375 0.23020833333333332 0.240625
1 0.6520833333333333 0.6333333333333333 0.046875 0.1
1 0.35833333333333334 0.590625 0.078125 0.08020833333333334
1 0.059375 0.48854166666666665 0.009375 0.016666666666666666
1 0.20729166666666668 0.590625 0.030208333333333334 0.059375
1 0.49375 0.609375 0.13645833333333332 0.159375