1 0.13229166666666667 0.6885416666666667 0.2635416666666667 0.28958333333333336
0 0.315625 0.528125 0.4395833333333333 0.47604166666666664
1 0.7354166666666667 0.5802083333333333 0.071875 0.08958333333333333
1 0.759375 0.5520833333333334 0.0625 0.10208333333333333
1 0.63125 0.603125 0.03229166666666667 0.10520833333333333
1 0.6635416666666667 0.5979166666666667 0.075 0.09375
1 0.69375 0.5833333333333334 0.07083333333333333 0.07708333333333334
0 0.7604166666666666 0.54375 0.065625 0.125
1 0.6145833333333334 0.6114583333333333 0.03958333333333333 0.128125
1 0.8427083333333333 0.5447916666666667 0.025 0.04583333333333333
1 0.821875 0.5375 0.01875 0.04791666666666667