1 0.8333333333333334 0.753125 0.034375 0.025
1 0.6885416666666667 0.7666666666666667 0.08020833333333334 0.0375
1 0.35625 0.7572916666666667 0.042708333333333334 0.028125
1 0.246875 0.7572916666666667 0.046875 0.026041666666666668
1 0.5541666666666667 0.7666666666666667 0.071875 0.041666666666666664
1 0.08854166666666667 0.7645833333333333 0.051041666666666666 0.026041666666666668
1 0.9770833333333333 0.7489583333333333 0.041666666666666664 0.022916666666666665
1 0.6239583333333333 0.7677083333333333 0.03125 0.036458333333333336
3 0.9135416666666667 0.740625 0.06666666666666667 0.04375
1 0.1125 0.7635416666666667 0.030208333333333334 0.022916666666666665
1 0.978125 0.7572916666666667 0.011458333333333333 0.00625
3 0.5770833333333333 0.746875 0.029166666666666667 0.03333333333333333