1 0.08229166666666667 0.31666666666666665 0.057291666666666664 0.06354166666666666
1 0.16979166666666667 0.31666666666666665 0.0625 0.07083333333333333
1 0.12604166666666666 0.3177083333333333 0.036458333333333336 0.053125
1 0.4041666666666667 0.37604166666666666 0.19791666666666666 0.16979166666666667
1 0.03854166666666667 0.3145833333333333 0.0375 0.035416666666666666
1 0.014583333333333334 0.3072916666666667 0.029166666666666667 0.035416666666666666
2 0.15833333333333333 0.5583333333333333 0.16979166666666667 0.34270833333333334
2 0.5239583333333333 0.7333333333333333 0.3458333333333333 0.5291666666666667
2 0.71875 0.6041666666666666 0.25104166666666666 0.528125
2 0.8916666666666667 0.55625 0.2125 0.3625
2 0.24791666666666667 0.4583333333333333 0.09166666666666666 0.26458333333333334
2 0.8854166666666666 0.375 0.071875 0.11770833333333333
2 0.7854166666666667 0.37604166666666666 0.096875 0.08125
2 0.9177083333333333 0.375 0.13958333333333334 0.209375
2 0.8104166666666667 0.3385416666666667 0.06979166666666667 0.06770833333333333
2 0.9895833333333334 0.3697916666666667 0.01875 0.13125