2 0.28125 0.528125 0.5291666666666667 0.325
2 0.91875 0.325 0.15729166666666666 0.159375
2 0.7395833333333334 0.309375 0.11041666666666666 0.09583333333333334
2 0.5947916666666667 0.29270833333333335 0.06354166666666666 0.057291666666666664
2 0.078125 0.3541666666666667 0.15625 0.09166666666666666
2 0.6572916666666667 0.31354166666666666 0.10104166666666667 0.08020833333333334
2 0.5770833333333333 0.26979166666666665 0.042708333333333334 0.03125
2 0.6333333333333333 0.26666666666666666 0.05 0.03229166666666667
2 0.14270833333333333 0.30520833333333336 0.0875 0.042708333333333334
2 0.5739583333333333 0.55625 0.484375 0.48125
2 0.98125 0.3645833333333333 0.03333333333333333 0.10208333333333333