1 0.45729166666666665 0.5739583333333333 0.058333333333333334 0.075
1 0.2677083333333333 0.5541666666666667 0.028125 0.06979166666666667
2 0.8552083333333333 0.6854166666666667 0.057291666666666664 0.07604166666666666
2 0.771875 0.65625 0.09375 0.07708333333333334
2 0.7041666666666667 0.646875 0.05625 0.058333333333333334
1 0.4083333333333333 0.5666666666666667 0.046875 0.046875
3 0.31666666666666665 0.5677083333333334 0.08958333333333333 0.14479166666666668
2 0.940625 0.7020833333333333 0.10833333333333334 0.10625
2 0.6291666666666667 0.6208333333333333 0.0375 0.06875
2 0.19166666666666668 0.5541666666666667 0.034375 0.03333333333333333
2 0.7416666666666667 0.6208333333333333 0.027083333333333334 0.03958333333333333