1 0.175 0.665625 0.34791666666666665 0.2833333333333333
1 0.46979166666666666 0.5927083333333333 0.175 0.14270833333333333
1 0.2989583333333333 0.40729166666666666 0.12604166666666666 0.08125
1 0.8510416666666667 0.31145833333333334 0.04895833333333333 0.052083333333333336
1 0.8708333333333333 0.33958333333333335 0.046875 0.0625
1 0.8604166666666667 0.3958333333333333 0.06354166666666666 0.04895833333333333
1 0.7125 0.24375 0.042708333333333334 0.03229166666666667
0 0.715625 0.48854166666666665 0.5333333333333333 0.24166666666666667
0 0.7125 0.3572916666666667 0.20833333333333334 0.11770833333333333
0 0.6364583333333333 0.21354166666666666 0.09166666666666666 0.053125
0 0.5104166666666666 0.3385416666666667 0.2635416666666667 0.22083333333333333
1 0.86875 0.3625 0.042708333333333334 0.036458333333333336
3 0.17604166666666668 0.6666666666666666 0.35208333333333336 0.28125
3 0.7697916666666667 0.2760416666666667 0.046875 0.05
1 0.7947916666666667 0.29270833333333335 0.03333333333333333 0.027083333333333334
1 0.7979166666666667 0.27395833333333336 0.03229166666666667 0.03958333333333333