1 0.20104166666666667 0.7666666666666667 0.10520833333333333 0.051041666666666666
1 0.28958333333333336 0.7614583333333333 0.07291666666666667 0.04479166666666667
1 0.014583333333333334 0.9239583333333333 0.028125 0.10729166666666666
1 0.76875 0.73125 0.07708333333333334 0.03854166666666667
1 0.703125 0.7458333333333333 0.07916666666666666 0.023958333333333335
1 0.1 0.7583333333333333 0.10833333333333334 0.051041666666666666
1 0.15520833333333334 0.790625 0.071875 0.06458333333333334
1 0.8739583333333333 0.8885416666666667 0.24791666666666667 0.18541666666666667
1 0.8072916666666666 0.7145833333333333 0.04375 0.017708333333333333
1 0.7020833333333333 0.7614583333333333 0.07916666666666666 0.03958333333333333
1 0.740625 0.73125 0.0375 0.03229166666666667
1 0.06458333333333334 0.7458333333333333 0.0625 0.028125
1 0.025 0.7604166666666666 0.05 0.041666666666666664