1 0.22291666666666668 0.84375 0.20520833333333333 0.071875
1 0.0625 0.8416666666666667 0.125 0.052083333333333336
1 0.29791666666666666 0.8208333333333333 0.08125 0.028125
1 0.88125 0.8416666666666667 0.22291666666666668 0.051041666666666666
1 0.678125 0.8364583333333333 0.05625 0.028125
1 0.7479166666666667 0.828125 0.04479166666666667 0.026041666666666668
1 0.4114583333333333 0.840625 0.18645833333333334 0.08333333333333333
1 0.6375 0.8354166666666667 0.06145833333333333 0.030208333333333334
1 0.5135416666666667 0.8375 0.0875 0.040625
1 0.553125 0.8375 0.06458333333333334 0.03854166666666667
1 0.7 0.8302083333333333 0.078125 0.029166666666666667
1 0.534375 0.8239583333333333 0.096875 0.01875