1 0.07291666666666667 0.4322916666666667 0.017708333333333333 0.027083333333333334
1 0.034375 0.4583333333333333 0.06145833333333333 0.04895833333333333
0 0.7447916666666666 0.41875 0.08958333333333333 0.10104166666666667
3 0.8739583333333333 0.4895833333333333 0.11145833333333334 0.134375
3 0.7958333333333333 0.4708333333333333 0.08541666666666667 0.11979166666666667
1 0.221875 0.459375 0.11666666666666667 0.05416666666666667
1 0.3333333333333333 0.4270833333333333 0.022916666666666665 0.0125
1 0.30520833333333336 0.43333333333333335 0.030208333333333334 0.019791666666666666
1 0.29375 0.4791666666666667 0.08125 0.090625
1 0.3302083333333333 0.44895833333333335 0.046875 0.030208333333333334
3 0.5385416666666667 0.471875 0.0875 0.09375
3 0.38958333333333334 0.4895833333333333 0.14895833333333333 0.15208333333333332
3 0.7020833333333333 0.45208333333333334 0.04895833333333333 0.075
3 0.25833333333333336 0.428125 0.036458333333333336 0.022916666666666665
1 0.014583333333333334 0.4625 0.029166666666666667 0.04479166666666667
3 0.08854166666666667 0.45 0.07395833333333333 0.06875
3 0.007291666666666667 0.4270833333333333 0.014583333333333334 0.025
1 0.39479166666666665 0.5104166666666666 0.5854166666666667 0.23229166666666667