1 0.3 0.8666666666666667 0.6 0.26458333333333334
1 0.42291666666666666 0.7947916666666667 0.09375 0.023958333333333335
1 0.6729166666666667 0.7895833333333333 0.14895833333333333 0.041666666666666664
1 0.815625 0.7885416666666667 0.041666666666666664 0.016666666666666666
1 0.85 0.7885416666666667 0.0375 0.017708333333333333
1 0.8927083333333333 0.7885416666666667 0.051041666666666666 0.023958333333333335
1 0.9270833333333334 0.7875 0.034375 0.019791666666666666
1 0.965625 0.7875 0.04583333333333333 0.025
1 0.9895833333333334 0.7864583333333334 0.016666666666666666 0.020833333333333332
1 0.771875 0.7916666666666666 0.05520833333333333 0.022916666666666665
1 0.5229166666666667 0.7947916666666667 0.071875 0.017708333333333333