1 0.446875 0.11041666666666666 0.07291666666666667 0.05625
1 0.32083333333333336 0.10833333333333334 0.06145833333333333 0.06041666666666667
1 0.509375 0.10208333333333333 0.08125 0.06666666666666667
1 0.221875 0.11041666666666666 0.09270833333333334 0.058333333333333334
1 0.7302083333333333 0.09895833333333333 0.10104166666666667 0.05416666666666667
1 0.26666666666666666 0.11875 0.06458333333333334 0.052083333333333336
1 0.6333333333333333 0.10520833333333333 0.057291666666666664 0.053125
1 0.8625 0.09166666666666666 0.06145833333333333 0.065625
1 0.559375 0.10729166666666666 0.07083333333333333 0.046875
1 0.9666666666666667 0.09270833333333334 0.0625 0.05416666666666667
1 0.39895833333333336 0.11145833333333334 0.06145833333333333 0.05
1 0.6770833333333334 0.10520833333333333 0.07708333333333334 0.05
1 0.9270833333333334 0.0875 0.10729166666666666 0.071875