1 0.6395833333333333 0.690625 0.06770833333333333 0.021875
1 0.34375 0.684375 0.06458333333333334 0.01875
1 0.5822916666666667 0.6864583333333333 0.03958333333333333 0.025
1 0.7572916666666667 0.69375 0.084375 0.01875
1 0.5552083333333333 0.6885416666666667 0.023958333333333335 0.022916666666666665
1 0.5833333333333334 0.6947916666666667 0.03229166666666667 0.010416666666666666
1 0.6625 0.6875 0.030208333333333334 0.027083333333333334
1 0.4510416666666667 0.6833333333333333 0.053125 0.029166666666666667
3 0.30625 0.6770833333333334 0.08125 0.03125
1 0.37916666666666665 0.6875 0.025 0.017708333333333333
1 0.6989583333333333 0.6916666666666667 0.04791666666666667 0.025
3 0.8197916666666667 0.6916666666666667 0.084375 0.023958333333333335
1 0.9395833333333333 0.7 0.011458333333333333 0.016666666666666666