1 0.8885416666666667 0.8791666666666667 0.21875 0.23958333333333334
1 0.68125 0.790625 0.07708333333333334 0.028125
1 0.5395833333333333 0.7802083333333333 0.04375 0.03333333333333333
1 0.8010416666666667 0.8645833333333334 0.096875 0.17708333333333334
1 0.253125 0.8166666666666667 0.084375 0.05625
1 0.38333333333333336 0.809375 0.078125 0.05416666666666667
1 0.821875 0.8364583333333333 0.203125 0.18229166666666666
1 0.759375 0.7791666666666667 0.07916666666666666 0.075
0 0.47291666666666665 0.7770833333333333 0.11041666666666666 0.09791666666666667
0 0.6166666666666667 0.7364583333333333 0.036458333333333336 0.057291666666666664
0 0.5833333333333334 0.7229166666666667 0.04583333333333333 0.023958333333333335
0 0.7177083333333333 0.74375 0.053125 0.042708333333333334
0 0.6604166666666667 0.7489583333333333 0.05625 0.041666666666666664
0 0.721875 0.7145833333333333 0.041666666666666664 0.015625