1 0.59375 0.6625 0.14375 0.05625
1 0.36354166666666665 0.6552083333333333 0.09791666666666667 0.034375
1 0.9395833333333333 0.6989583333333333 0.11666666666666667 0.08958333333333333
1 0.27291666666666664 0.6625 0.06875 0.04375
0 0.21458333333333332 0.6145833333333334 0.09895833333333333 0.08958333333333333
0 0.19270833333333334 0.6354166666666666 0.11041666666666666 0.06770833333333333
1 0.9364583333333333 0.671875 0.11458333333333333 0.04583333333333333
3 0.14895833333333333 0.6666666666666666 0.07395833333333333 0.09895833333333333
3 0.31145833333333334 0.6447916666666667 0.025 0.027083333333333334
3 0.07083333333333333 0.6385416666666667 0.041666666666666664 0.022916666666666665
1 0.08645833333333333 0.64375 0.030208333333333334 0.016666666666666666