1 0.29791666666666666 0.7895833333333333 0.07291666666666667 0.08854166666666667
1 0.7510416666666667 0.821875 0.090625 0.12708333333333333
1 0.19479166666666667 0.8010416666666667 0.08541666666666667 0.08020833333333334
1 0.03958333333333333 0.8010416666666667 0.07708333333333334 0.08854166666666667
1 0.7114583333333333 0.7416666666666667 0.029166666666666667 0.03854166666666667
1 0.596875 0.74375 0.028125 0.03229166666666667
1 0.5166666666666667 0.775 0.04375 0.06041666666666667
1 0.5572916666666666 0.765625 0.013541666666666667 0.042708333333333334
1 0.6322916666666667 0.7645833333333333 0.029166666666666667 0.057291666666666664
3 0.8364583333333333 0.7822916666666667 0.05 0.09479166666666666
3 0.778125 0.7395833333333334 0.04375 0.04375
3 0.09479166666666666 0.8010416666666667 0.052083333333333336 0.0875
1 0.9239583333333333 0.7958333333333333 0.042708333333333334 0.07083333333333333