1 0.76875 0.9583333333333334 0.065625 0.058333333333333334
1 0.8260416666666667 0.9572916666666667 0.11770833333333333 0.06979166666666667
1 0.33958333333333335 0.9520833333333333 0.035416666666666666 0.03333333333333333
1 0.9447916666666667 0.9583333333333334 0.109375 0.08125
1 0.053125 0.9479166666666666 0.025 0.025
1 0.6583333333333333 0.9385416666666667 0.01875 0.01875
1 0.621875 0.940625 0.010416666666666666 0.021875
1 0.615625 0.9333333333333333 0.022916666666666665 0.019791666666666666
1 0.559375 0.9354166666666667 0.03125 0.021875
1 0.6479166666666667 0.940625 0.026041666666666668 0.016666666666666666
1 0.890625 0.953125 0.042708333333333334 0.065625
1 0.025 0.9447916666666667 0.028125 0.034375