0 0.25 0.8489583333333334 0.49895833333333334 0.275
1 0.8458333333333333 0.8708333333333333 0.08854166666666667 0.052083333333333336
1 0.8666666666666667 0.8520833333333333 0.08541666666666667 0.03958333333333333
1 0.884375 0.8416666666666667 0.057291666666666664 0.026041666666666668
1 0.7625 0.8427083333333333 0.06041666666666667 0.04791666666666667
1 0.7854166666666667 0.8104166666666667 0.016666666666666666 0.011458333333333333
1 0.534375 0.8375 0.08020833333333334 0.041666666666666664
1 0.63125 0.83125 0.03854166666666667 0.022916666666666665
1 0.5822916666666667 0.8375 0.03125 0.03333333333333333
1 0.6020833333333333 0.8333333333333334 0.028125 0.026041666666666668
1 0.65625 0.8239583333333333 0.040625 0.029166666666666667
1 0.7510416666666667 0.8114583333333333 0.027083333333333334 0.0125
1 0.684375 0.8197916666666667 0.03229166666666667 0.026041666666666668
1 0.9135416666666667 0.8395833333333333 0.022916666666666665 0.029166666666666667
1 0.6770833333333334 0.828125 0.4822916666666667 0.0625