2 0.5020833333333333 0.5364583333333334 0.9645833333333333 0.6864583333333333
1 0.9291666666666667 0.32916666666666666 0.1375 0.15
1 0.7875 0.3572916666666667 0.23645833333333333 0.246875
1 0.8145833333333333 0.22916666666666666 0.190625 0.14270833333333333
1 0.9125 0.228125 0.171875 0.11458333333333333
3 0.6583333333333333 0.12395833333333334 0.06666666666666667 0.06666666666666667
1 0.434375 0.13854166666666667 0.12708333333333333 0.08958333333333333
1 0.246875 0.13333333333333333 0.125 0.10625
1 0.7791666666666667 0.146875 0.12291666666666666 0.057291666666666664
1 0.70625 0.1375 0.04375 0.05
1 0.5947916666666667 0.12291666666666666 0.1375 0.08229166666666667
1 0.13854166666666667 0.12916666666666668 0.11458333333333333 0.090625
1 0.33958333333333335 0.096875 0.065625 0.05625
1 0.7291666666666666 0.2125 0.203125 0.115625
1 0.5270833333333333 0.21979166666666666 0.13020833333333334 0.13333333333333333
1 0.5 0.146875 0.996875 0.21875