1 0.12395833333333334 0.5 0.07604166666666666 0.05625
1 0.9145833333333333 0.56875 0.146875 0.12395833333333334
1 0.975 0.5270833333333333 0.04895833333333333 0.051041666666666666
1 0.30416666666666664 0.4979166666666667 0.036458333333333336 0.017708333333333333
1 0.346875 0.5 0.03229166666666667 0.014583333333333334
1 0.93125 0.5072916666666667 0.03229166666666667 0.010416666666666666
1 0.6010416666666667 0.5145833333333333 0.04375 0.011458333333333333
1 0.021875 0.49583333333333335 0.023958333333333335 0.052083333333333336
1 0.9395833333333333 0.5135416666666667 0.058333333333333334 0.021875
1 0.365625 0.48541666666666666 0.0125 0.013541666666666667
1 0.3885416666666667 0.4822916666666667 0.011458333333333333 0.0125