1 0.6489583333333333 0.640625 0.07291666666666667 0.128125
1 0.065625 0.5677083333333334 0.13020833333333334 0.16770833333333332
1 0.28020833333333334 0.5166666666666667 0.109375 0.1125
1 0.8947916666666667 0.4864583333333333 0.16041666666666668 0.07604166666666666
1 0.446875 0.509375 0.0375 0.058333333333333334
1 0.8552083333333333 0.7177083333333333 0.20520833333333333 0.10520833333333333
1 0.25625 0.46145833333333336 0.07708333333333334 0.052083333333333336
1 0.4427083333333333 0.48020833333333335 0.03333333333333333 0.025
1 0.1375 0.471875 0.10104166666666667 0.04375
1 0.078125 0.4822916666666667 0.09583333333333334 0.03229166666666667
1 0.3145833333333333 0.4875 0.04791666666666667 0.07916666666666666
1 0.028125 0.48020833333333335 0.05520833333333333 0.07083333333333333