2 0.24583333333333332 0.8947916666666667 0.03333333333333333 0.10104166666666667
2 0.159375 0.9395833333333333 0.040625 0.090625
3 0.703125 0.8447916666666667 0.16875 0.221875
3 0.8947916666666667 0.7072916666666667 0.18125 0.20520833333333333
1 0.58125 0.66875 0.12708333333333333 0.14583333333333334
1 0.7375 0.5822916666666667 0.12291666666666666 0.13333333333333333
1 0.4427083333333333 0.859375 0.159375 0.190625
1 0.165625 0.6989583333333333 0.13229166666666667 0.2
1 0.621875 0.4395833333333333 0.07395833333333333 0.10729166666666666
1 0.94375 0.44895833333333335 0.0875 0.14583333333333334
1 0.9145833333333333 0.4270833333333333 0.07604166666666666 0.11770833333333333
1 0.48125 0.5041666666666667 0.05 0.1125
1 0.33125 0.5489583333333333 0.07708333333333334 0.12604166666666666
3 0.9760416666666667 0.16354166666666667 0.04375 0.11875
1 0.16145833333333334 0.475 0.090625 0.13020833333333334
2 0.26979166666666665 0.6229166666666667 0.04375 0.109375
1 0.328125 0.23125 0.046875 0.06770833333333333
3 0.9677083333333333 0.46979166666666666 0.06041666666666667 0.1625
3 0.18958333333333333 0.04791666666666667 0.025 0.051041666666666666
2 0.15625 0.10104166666666667 0.007291666666666667 0.020833333333333332
3 0.4125 0.20625 0.058333333333333334 0.06770833333333333
3 0.95625 0.2989583333333333 0.084375 0.1125
1 0.5395833333333333 0.2677083333333333 0.9166666666666666 0.5354166666666667