1 0.8385416666666666 0.5395833333333333 0.32083333333333336 0.425
2 0.44375 0.521875 0.075 0.21875
2 0.5770833333333333 0.503125 0.09375 0.21770833333333334
2 0.27708333333333335 0.4791666666666667 0.034375 0.10416666666666667
2 0.6447916666666667 0.49270833333333336 0.046875 0.12291666666666666
2 0.24583333333333332 0.3302083333333333 0.007291666666666667 0.013541666666666667
2 0.22916666666666666 0.31145833333333334 0.00625 0.016666666666666666
1 0.46041666666666664 0.4875 0.15 0.18229166666666666
1 0.11041666666666666 0.3104166666666667 0.028125 0.019791666666666666
1 0.0875 0.30104166666666665 0.0125 0.017708333333333333
3 0.328125 0.334375 0.04791666666666667 0.019791666666666666
1 0.278125 0.30416666666666664 0.022916666666666665 0.0125
1 0.6895833333333333 0.49375 0.06875 0.18020833333333333
1 0.15416666666666667 0.29791666666666666 0.015625 0.015625
1 0.23125 0.2989583333333333 0.015625 0.0125
2 0.21770833333333334 0.3104166666666667 0.007291666666666667 0.010416666666666666