1 0.6958333333333333 0.31875 0.05625 0.029166666666666667
1 0.909375 0.4 0.071875 0.046875
1 0.9802083333333333 0.46041666666666664 0.035416666666666666 0.0375
1 0.284375 0.44166666666666665 0.096875 0.03854166666666667
1 0.609375 0.3145833333333333 0.0375 0.029166666666666667
1 0.058333333333333334 0.46041666666666664 0.051041666666666666 0.029166666666666667
0 0.7614583333333333 0.43125 0.14375 0.11875
3 0.8197916666666667 0.375 0.10729166666666666 0.09270833333333334
1 0.5760416666666667 0.228125 0.035416666666666666 0.021875
3 0.6291666666666667 0.26666666666666666 0.08229166666666667 0.05625
3 0.7520833333333333 0.34270833333333334 0.05625 0.059375
1 0.75 0.3416666666666667 0.059375 0.05520833333333333
3 0.6229166666666667 0.228125 0.04479166666666667 0.03229166666666667