1 0.6427083333333333 0.2916666666666667 0.22083333333333333 0.4041666666666667
1 0.7729166666666667 0.15729166666666666 0.12395833333333334 0.140625
1 0.14895833333333333 0.4947916666666667 0.29791666666666666 0.9895833333333334
1 0.8802083333333334 0.08020833333333334 0.0125 0.035416666666666666
1 0.8677083333333333 0.06875 0.015625 0.017708333333333333
1 0.8427083333333333 0.07708333333333334 0.014583333333333334 0.01875
1 0.83125 0.07708333333333334 0.027083333333333334 0.019791666666666666
1 0.8208333333333333 0.08333333333333333 0.015625 0.019791666666666666
1 0.784375 0.08125 0.025 0.01875
1 0.5895833333333333 0.0875 0.06770833333333333 0.03854166666666667
1 0.85 0.071875 0.015625 0.020833333333333332
1 0.8625 0.07083333333333333 0.011458333333333333 0.016666666666666666