1 0.20104166666666667 0.5708333333333333 0.10520833333333333 0.052083333333333336
1 0.83125 0.409375 0.052083333333333336 0.04791666666666667
1 0.7229166666666667 0.45208333333333334 0.06666666666666667 0.058333333333333334
1 0.528125 0.5395833333333333 0.08229166666666667 0.05520833333333333
1 0.453125 0.47604166666666664 0.09479166666666666 0.04895833333333333
1 0.4875 0.4666666666666667 0.090625 0.04375
1 0.24375 0.45416666666666666 0.084375 0.04895833333333333
1 0.59375 0.5010416666666667 0.08333333333333333 0.071875
1 0.6635416666666667 0.47708333333333336 0.06875 0.06666666666666667
1 0.9 0.3875 0.046875 0.034375
1 0.9614583333333333 0.36666666666666664 0.03958333333333333 0.029166666666666667
1 0.9864583333333333 0.35625 0.022916666666666665 0.025