1 0.25625 0.834375 0.06145833333333333 0.059375
1 0.8270833333333333 0.8364583333333333 0.075 0.06666666666666667
1 0.22395833333333334 0.8333333333333334 0.026041666666666668 0.036458333333333336
2 0.14479166666666668 0.8385416666666666 0.016666666666666666 0.035416666666666666
3 0.6145833333333334 0.8260416666666667 0.036458333333333336 0.041666666666666664
1 0.703125 0.8354166666666667 0.046875 0.04583333333333333
1 0.6645833333333333 0.8333333333333334 0.035416666666666666 0.036458333333333336
1 0.2947916666666667 0.83125 0.013541666666666667 0.025
1 0.31354166666666666 0.828125 0.020833333333333332 0.023958333333333335
1 0.353125 0.828125 0.015625 0.020833333333333332
1 0.5489583333333333 0.8291666666666667 0.015625 0.017708333333333333
3 0.409375 0.8208333333333333 0.009375 0.022916666666666665