1 0.2552083333333333 0.7864583333333334 0.12291666666666666 0.12395833333333334
1 0.621875 0.734375 0.057291666666666664 0.05625
3 0.39166666666666666 0.671875 0.125 0.20520833333333333
1 0.5447916666666667 0.7479166666666667 0.03229166666666667 0.07708333333333334
1 0.490625 0.7572916666666667 0.10104166666666667 0.1375
3 0.6166666666666667 0.6802083333333333 0.065625 0.12395833333333334
3 0.5520833333333334 0.6708333333333333 0.03229166666666667 0.05
1 0.6552083333333333 0.6677083333333333 0.010416666666666666 0.019791666666666666
1 0.6729166666666667 0.675 0.017708333333333333 0.019791666666666666
1 0.9041666666666667 0.6916666666666667 0.016666666666666666 0.008333333333333333
1 0.8916666666666667 0.6895833333333333 0.01875 0.009375
1 0.5302083333333333 0.6791666666666667 0.014583333333333334 0.020833333333333332
1 0.503125 0.678125 0.029166666666666667 0.017708333333333333