1 0.596875 0.8375 0.05520833333333333 0.059375
1 0.646875 0.8770833333333333 0.05416666666666667 0.05520833333333333
1 0.696875 0.9229166666666667 0.059375 0.071875
1 0.55 0.8010416666666667 0.04791666666666667 0.05625
1 0.4166666666666667 0.7135416666666666 0.042708333333333334 0.04479166666666667
1 0.359375 0.6770833333333334 0.041666666666666664 0.042708333333333334
1 0.40520833333333334 0.6552083333333333 0.04479166666666667 0.034375
1 0.47291666666666665 0.6916666666666667 0.04583333333333333 0.034375
1 0.578125 0.7760416666666666 0.04791666666666667 0.042708333333333334
1 0.5604166666666667 0.73125 0.026041666666666668 0.041666666666666664
1 0.590625 0.90625 0.051041666666666666 0.06041666666666667
1 0.46145833333333336 0.7416666666666667 0.046875 0.04895833333333333
3 0.11458333333333333 0.38125 0.020833333333333332 0.04895833333333333
3 0.7083333333333334 0.8677083333333333 0.06666666666666667 0.06875
1 0.296875 0.6260416666666667 0.034375 0.040625
1 0.5552083333333333 0.7989583333333333 0.36666666666666664 0.365625