2 0.5354166666666667 0.6145833333333334 0.03854166666666667 0.05
2 0.42916666666666664 0.621875 0.040625 0.06145833333333333
1 0.7 0.5541666666666667 0.06145833333333333 0.065625
1 0.5635416666666667 0.7395833333333334 0.12708333333333333 0.13333333333333333
1 0.8333333333333334 0.55 0.05520833333333333 0.05520833333333333
1 0.8520833333333333 0.475 0.04375 0.041666666666666664
1 0.39791666666666664 0.5072916666666667 0.06666666666666667 0.04583333333333333
1 0.12291666666666666 0.5791666666666667 0.109375 0.06875
1 0.30104166666666665 0.7729166666666667 0.15833333333333333 0.14791666666666667
1 0.9572916666666667 0.471875 0.03854166666666667 0.042708333333333334
1 0.17708333333333334 0.9416666666666667 0.215625 0.1125
1 0.03958333333333333 0.553125 0.07916666666666666 0.05625
1 0.7083333333333334 0.43854166666666666 0.03125 0.020833333333333332
1 0.909375 0.453125 0.03229166666666667 0.025
1 0.553125 0.465625 0.04479166666666667 0.03854166666666667