1 0.27708333333333335 0.303125 0.17291666666666666 0.09270833333333334
1 0.42916666666666664 0.28020833333333334 0.11041666666666666 0.07708333333333334
1 0.4895833333333333 0.25729166666666664 0.03958333333333333 0.0375
1 0.5989583333333334 0.2625 0.041666666666666664 0.035416666666666666
1 0.6385416666666667 0.2552083333333333 0.034375 0.03229166666666667
1 0.153125 0.30833333333333335 0.035416666666666666 0.065625
1 0.7385416666666667 0.22916666666666666 0.017708333333333333 0.021875
1 0.890625 0.22083333333333333 0.036458333333333336 0.029166666666666667
1 0.21354166666666666 0.3020833333333333 0.09166666666666666 0.08229166666666667
1 0.37395833333333334 0.2833333333333333 0.034375 0.04895833333333333
1 0.07916666666666666 0.315625 0.15729166666666666 0.109375
1 0.5625 0.25416666666666665 0.04791666666666667 0.021875