2 0.14270833333333333 0.7729166666666667 0.2677083333333333 0.44895833333333335
2 0.4822916666666667 0.584375 0.10625 0.22604166666666667
2 0.3958333333333333 0.8927083333333333 0.07395833333333333 0.184375
2 0.9239583333333333 0.8375 0.14791666666666667 0.31979166666666664
2 0.7208333333333333 0.703125 0.20833333333333334 0.11145833333333334
2 0.9010416666666666 0.6270833333333333 0.11041666666666666 0.16041666666666668
2 0.821875 0.6333333333333333 0.140625 0.115625
2 0.2677083333333333 0.48333333333333334 0.06458333333333334 0.17291666666666666
1 0.06041666666666667 0.32916666666666666 0.03333333333333333 0.04895833333333333
1 0.08541666666666667 0.328125 0.03125 0.040625
1 0.09479166666666666 0.32083333333333336 0.030208333333333334 0.04479166666666667
1 0.17083333333333334 0.30833333333333335 0.03958333333333333 0.040625
1 0.16458333333333333 0.259375 0.011458333333333333 0.0125
1 0.18125 0.24270833333333333 0.013541666666666667 0.014583333333333334
2 0.40520833333333334 0.696875 0.15416666666666667 0.25729166666666664
2 0.8802083333333334 0.7885416666666667 0.05520833333333333 0.08333333333333333
0 0.023958333333333335 0.315625 0.04791666666666667 0.15625
2 0.7833333333333333 0.48020833333333335 0.034375 0.034375
2 0.5166666666666667 0.41770833333333335 0.03125 0.06979166666666667
2 0.3489583333333333 0.5114583333333333 0.03125 0.028125