1 0.8822916666666667 0.38125 0.11770833333333333 0.046875
1 0.78125 0.35520833333333335 0.08541666666666667 0.028125
1 0.89375 0.359375 0.090625 0.030208333333333334
1 0.7010416666666667 0.340625 0.05 0.030208333333333334
1 0.4947916666666667 0.3 0.026041666666666668 0.014583333333333334
1 0.8166666666666667 0.3458333333333333 0.078125 0.03125
3 0.7229166666666667 0.32083333333333336 0.06979166666666667 0.058333333333333334
3 0.96875 0.35833333333333334 0.058333333333333334 0.08125
1 0.9854166666666667 0.41458333333333336 0.023958333333333335 0.034375
1 0.875 0.340625 0.059375 0.017708333333333333
1 0.07083333333333333 0.43333333333333335 0.13958333333333334 0.09375
1 0.5645833333333333 0.3302083333333333 0.042708333333333334 0.028125