1 0.503125 0.5791666666666667 0.9083333333333333 0.76875
1 0.19791666666666666 0.4375 0.3875 0.515625
1 0.409375 0.18854166666666666 0.37604166666666666 0.21770833333333334
1 0.915625 0.6833333333333333 0.165625 0.628125
1 0.803125 0.14270833333333333 0.15833333333333333 0.09895833333333333
1 0.978125 0.15104166666666666 0.03958333333333333 0.07708333333333334
1 0.9479166666666666 0.3416666666666667 0.1 0.31979166666666664
1 0.934375 0.15729166666666666 0.08958333333333333 0.06770833333333333
1 0.18333333333333332 0.10416666666666667 0.36666666666666664 0.20416666666666666
1 0.9052083333333333 0.19270833333333334 0.08125 0.0875
1 0.8697916666666666 0.14270833333333333 0.042708333333333334 0.022916666666666665
3 0.18541666666666667 0.103125 0.3625 0.20625
3 0.803125 0.146875 0.16041666666666668 0.12604166666666666