1 0.3020833333333333 0.4635416666666667 0.10625 0.16458333333333333
1 0.478125 0.4510416666666667 0.09791666666666667 0.15416666666666667
1 0.04479166666666667 0.5416666666666666 0.08854166666666667 0.15833333333333333
1 0.8958333333333334 0.25729166666666664 0.040625 0.057291666666666664
1 0.7583333333333333 0.2916666666666667 0.128125 0.09166666666666666
1 0.5864583333333333 0.35520833333333335 0.10729166666666666 0.07083333333333333
1 0.20625 0.5229166666666667 0.09583333333333334 0.13229166666666667
1 0.37083333333333335 0.4166666666666667 0.057291666666666664 0.058333333333333334
1 0.11458333333333333 0.534375 0.103125 0.13958333333333334
3 0.3020833333333333 0.4739583333333333 0.11041666666666666 0.184375
3 0.9541666666666667 0.2520833333333333 0.0875 0.24479166666666666
1 0.6677083333333333 0.40520833333333334 0.196875 0.15833333333333333
1 0.9552083333333333 0.253125 0.08541666666666667 0.24375
1 0.17916666666666667 0.47708333333333336 0.06145833333333333 0.05