1 0.234375 0.603125 0.065625 0.06979166666666667
1 0.49166666666666664 0.5875 0.0375 0.040625
1 0.5416666666666666 0.590625 0.028125 0.030208333333333334
1 0.6135416666666667 0.5197916666666667 0.015625 0.021875
2 0.490625 0.8864583333333333 0.075 0.15625
1 0.646875 0.46875 0.014583333333333334 0.01875
1 0.621875 0.5083333333333333 0.013541666666666667 0.01875
1 0.5239583333333333 0.58125 0.017708333333333333 0.021875
1 0.5583333333333333 0.5864583333333333 0.014583333333333334 0.028125
1 0.5885416666666666 0.5427083333333333 0.015625 0.01875
1 0.63125 0.49166666666666664 0.0125 0.017708333333333333
1 0.5375 0.5666666666666667 0.021875 0.020833333333333332
1 0.6520833333333333 0.4583333333333333 0.015625 0.015625
3 0.6760416666666667 0.4583333333333333 0.017708333333333333 0.023958333333333335