2 0.43125 0.5104166666666666 0.6572916666666667 0.9572916666666667
1 0.13541666666666666 0.43020833333333336 0.10416666666666667 0.078125
1 0.23854166666666668 0.315625 0.022916666666666665 0.019791666666666666
1 0.06875 0.44375 0.13645833333333332 0.08125
1 0.046875 0.39791666666666664 0.09375 0.05520833333333333
1 0.140625 0.384375 0.09895833333333333 0.052083333333333336
1 0.21458333333333332 0.32083333333333336 0.022916666666666665 0.021875
1 0.18541666666666667 0.32916666666666666 0.03958333333333333 0.034375
1 0.30416666666666664 0.303125 0.016666666666666666 0.026041666666666668
1 0.23541666666666666 0.346875 0.041666666666666664 0.030208333333333334
1 0.9895833333333334 0.375 0.016666666666666666 0.052083333333333336
3 0.290625 0.40520833333333334 0.153125 0.0875
3 0.953125 0.32916666666666666 0.090625 0.15208333333333332
1 0.26979166666666665 0.35 0.042708333333333334 0.023958333333333335
3 0.9104166666666667 0.33645833333333336 0.10416666666666667 0.10416666666666667
1 0.5583333333333333 0.3458333333333333 0.7854166666666667 0.13125