1 0.9291666666666667 0.6979166666666666 0.13958333333333334 0.4354166666666667
1 0.878125 0.634375 0.23958333333333334 0.34375
1 0.05625 0.7395833333333334 0.11145833333333334 0.503125
1 0.8072916666666666 0.5791666666666667 0.21354166666666666 0.29791666666666666
1 0.7104166666666667 0.5645833333333333 0.09479166666666666 0.225
1 0.6270833333333333 0.54375 0.06875 0.15729166666666666
1 0.14895833333333333 0.5833333333333334 0.29791666666666666 0.39166666666666666
1 0.10833333333333334 0.7104166666666667 0.20416666666666666 0.428125
1 0.6947916666666667 0.5427083333333333 0.1125 0.2
1 0.6104166666666667 0.5302083333333333 0.10625 0.14166666666666666
1 0.225 0.440625 0.07291666666666667 0.11458333333333333
1 0.6052083333333333 0.4635416666666667 0.10729166666666666 0.0625
1 0.2677083333333333 0.515625 0.06770833333333333 0.18645833333333334
1 0.4083333333333333 0.490625 0.30625 0.18020833333333333