1 0.34375 0.7947916666666667 0.05 0.08020833333333334
1 0.2791666666666667 0.7708333333333334 0.05520833333333333 0.053125
1 0.2520833333333333 0.80625 0.05416666666666667 0.06041666666666667
1 0.15416666666666667 0.8791666666666667 0.09583333333333334 0.115625
1 0.29270833333333335 0.90625 0.04479166666666667 0.10416666666666667
1 0.42291666666666666 0.8364583333333333 0.06145833333333333 0.09583333333333334
0 0.06145833333333333 0.7864583333333334 0.12083333333333333 0.190625
1 0.44479166666666664 0.7770833333333333 0.041666666666666664 0.06979166666666667
1 0.459375 0.734375 0.034375 0.030208333333333334
1 0.39166666666666666 0.7635416666666667 0.029166666666666667 0.052083333333333336
1 0.43020833333333336 0.7875 0.05 0.057291666666666664
1 0.31354166666666666 0.7635416666666667 0.028125 0.036458333333333336
1 0.9125 0.7208333333333333 0.053125 0.046875
3 0.36875 0.7666666666666667 0.040625 0.07291666666666667
1 0.759375 0.7479166666666667 0.40625 0.14479166666666668