1 0.8895833333333333 0.8479166666666667 0.21875 0.271875
1 0.19270833333333334 0.790625 0.046875 0.03125
1 0.5427083333333333 0.8833333333333333 0.22708333333333333 0.2
1 0.2625 0.7895833333333333 0.03854166666666667 0.035416666666666666
1 0.33645833333333336 0.7958333333333333 0.026041666666666668 0.025
1 0.36354166666666665 0.8 0.020833333333333332 0.021875
1 0.30104166666666665 0.7916666666666666 0.0375 0.034375
1 0.027083333333333334 0.7864583333333334 0.053125 0.04791666666666667
1 0.38229166666666664 0.8052083333333333 0.016666666666666666 0.0125
1 0.396875 0.7958333333333333 0.025 0.03125
1 0.415625 0.8072916666666666 0.011458333333333333 0.007291666666666667