1 0.9645833333333333 0.90625 0.06666666666666667 0.041666666666666664
1 0.9760416666666667 0.8677083333333333 0.04375 0.03958333333333333
1 0.81875 0.8947916666666667 0.359375 0.20625
1 0.8291666666666667 0.8083333333333333 0.026041666666666668 0.023958333333333335
1 0.03854166666666667 0.825 0.0625 0.04895833333333333
1 0.16145833333333334 0.9166666666666666 0.103125 0.06666666666666667
1 0.90625 0.9364583333333333 0.05625 0.065625
1 0.5010416666666667 0.8552083333333333 0.03854166666666667 0.05416666666666667
1 0.109375 0.9010416666666666 0.034375 0.06875
1 0.9072916666666667 0.8114583333333333 0.041666666666666664 0.028125
1 0.378125 0.7291666666666666 0.0375 0.01875
1 0.9895833333333334 0.934375 0.016666666666666666 0.035416666666666666
3 0.9552083333333333 0.8364583333333333 0.08541666666666667 0.04895833333333333
1 0.98125 0.8072916666666666 0.034375 0.028125
1 0.49895833333333334 0.8302083333333333 0.9958333333333333 0.2791666666666667