1 0.034375 0.103125 0.065625 0.0625
1 0.14375 0.11666666666666667 0.07604166666666666 0.05520833333333333
1 0.08333333333333333 0.11458333333333333 0.04479166666666667 0.04375
1 0.5927083333333333 0.121875 0.03333333333333333 0.057291666666666664
1 0.5114583333333333 0.12291666666666666 0.11145833333333334 0.06979166666666667
1 0.39479166666666665 0.121875 0.08333333333333333 0.06145833333333333
1 0.31875 0.0875 0.09375 0.036458333333333336
1 0.43125 0.13541666666666666 0.04375 0.03854166666666667
1 0.9604166666666667 0.17291666666666666 0.07708333333333334 0.041666666666666664
1 0.22291666666666668 0.11979166666666667 0.028125 0.05
1 0.2520833333333333 0.11458333333333333 0.04583333333333333 0.052083333333333336
1 0.18854166666666666 0.1125 0.020833333333333332 0.041666666666666664