1 0.7989583333333333 0.8291666666666667 0.090625 0.121875
1 0.9541666666666667 0.7520833333333333 0.08229166666666667 0.07604166666666666
1 0.7833333333333333 0.46458333333333335 0.03229166666666667 0.030208333333333334
1 0.734375 0.4635416666666667 0.029166666666666667 0.023958333333333335
1 0.496875 0.7385416666666667 0.08541666666666667 0.084375
1 0.7916666666666666 0.42291666666666666 0.022916666666666665 0.019791666666666666
1 0.9208333333333333 0.39375 0.020833333333333332 0.013541666666666667
1 0.98125 0.48333333333333334 0.035416666666666666 0.027083333333333334
3 0.771875 0.61875 0.11145833333333334 0.11354166666666667
3 0.8072916666666666 0.3541666666666667 0.01875 0.034375
1 0.809375 0.9739583333333334 0.11354166666666667 0.04895833333333333
1 0.7875 0.44479166666666664 0.034375 0.020833333333333332
1 0.7208333333333333 0.41770833333333335 0.016666666666666666 0.023958333333333335
1 0.753125 0.4083333333333333 0.027083333333333334 0.023958333333333335
0 0.940625 0.634375 0.08854166666666667 0.09166666666666666
1 0.5541666666666667 0.65 0.071875 0.05625
3 0.7895833333333333 0.3385416666666667 0.016666666666666666 0.014583333333333334
1 0.7802083333333333 0.48333333333333334 0.434375 0.4