3 0.5510416666666667 0.3489583333333333 0.325 0.5041666666666667
1 0.08229166666666667 0.47604166666666664 0.16458333333333333 0.190625
1 0.16875 0.453125 0.13958333333333334 0.16666666666666666
1 0.7447916666666666 0.390625 0.090625 0.1125
1 0.8583333333333333 0.3333333333333333 0.06979166666666667 0.046875
1 0.29270833333333335 0.371875 0.042708333333333334 0.0625
3 0.45729166666666665 0.5052083333333334 0.353125 0.4552083333333333
1 0.7677083333333333 0.3333333333333333 0.10625 0.057291666666666664
1 0.24583333333333332 0.35520833333333335 0.06979166666666667 0.03229166666666667
1 0.95625 0.3375 0.04583333333333333 0.023958333333333335
1 0.709375 0.33541666666666664 0.029166666666666667 0.04895833333333333
1 0.3458333333333333 0.35520833333333335 0.035416666666666666 0.05520833333333333