1 0.753125 0.5260416666666666 0.04375 0.03333333333333333
1 0.8354166666666667 0.5385416666666667 0.03854166666666667 0.028125
1 0.7010416666666667 0.521875 0.036458333333333336 0.019791666666666666
1 0.9375 0.559375 0.042708333333333334 0.03333333333333333
1 0.7947916666666667 0.5385416666666667 0.036458333333333336 0.026041666666666668
1 0.953125 0.5145833333333333 0.026041666666666668 0.0125
3 0.5395833333333333 0.4635416666666667 0.0375 0.023958333333333335
3 0.5854166666666667 0.471875 0.0375 0.016666666666666666
1 0.9822916666666667 0.571875 0.034375 0.030208333333333334
1 0.7677083333333333 0.53125 0.0375 0.030208333333333334
1 0.6177083333333333 0.47604166666666664 0.025 0.010416666666666666
1 0.5885416666666666 0.471875 0.03125 0.01875
1 0.5604166666666667 0.4708333333333333 0.030208333333333334 0.0125
1 0.7958333333333333 0.521875 0.030208333333333334 0.014583333333333334
1 0.734375 0.5229166666666667 0.029166666666666667 0.027083333333333334