1 0.140625 0.6385416666666667 0.025 0.0375
1 0.128125 0.5885416666666666 0.023958333333333335 0.03229166666666667
1 0.08958333333333333 0.584375 0.023958333333333335 0.034375
0 0.7447916666666666 0.7072916666666667 0.165625 0.12604166666666666
0 0.515625 0.846875 0.1875 0.265625
0 0.09479166666666666 0.8541666666666666 0.07083333333333333 0.25625
0 0.04895833333333333 0.7270833333333333 0.096875 0.14166666666666666
0 0.0125 0.846875 0.023958333333333335 0.20208333333333334
3 0.465625 0.6072916666666667 0.05416666666666667 0.06770833333333333
1 0.16354166666666667 0.5833333333333334 0.015625 0.03333333333333333
2 0.25104166666666666 0.984375 0.0125 0.030208333333333334
3 0.5729166666666666 0.646875 0.11041666666666666 0.078125
3 0.890625 0.8479166666666667 0.18125 0.1625
3 0.23854166666666668 0.5552083333333333 0.04895833333333333 0.06041666666666667
2 0.7104166666666667 0.7489583333333333 0.027083333333333334 0.040625
2 0.5864583333333333 0.7229166666666667 0.019791666666666666 0.027083333333333334