1 0.9770833333333333 0.46875 0.016666666666666666 0.014583333333333334
1 0.9583333333333334 0.4239583333333333 0.0125 0.013541666666666667
1 0.925 0.39375 0.010416666666666666 0.009375
1 0.8802083333333334 0.36041666666666666 0.010416666666666666 0.010416666666666666
3 0.9375 0.42291666666666666 0.020833333333333332 0.029166666666666667
1 0.89375 0.3697916666666667 0.009375 0.009375
1 0.871875 0.3541666666666667 0.009375 0.010416666666666666
1 0.990625 0.44895833333333335 0.014583333333333334 0.01875
1 0.890625 0.38333333333333336 0.013541666666666667 0.013541666666666667
1 0.915625 0.38645833333333335 0.009375 0.010416666666666666
3 0.9239583333333333 0.39166666666666666 0.011458333333333333 0.013541666666666667
3 0.8541666666666666 0.35104166666666664 0.017708333333333333 0.026041666666666668
3 0.8197916666666667 0.3260416666666667 0.020833333333333332 0.01875
1 0.8666666666666667 0.35 0.00625 0.010416666666666666
1 0.9375 0.40520833333333334 0.011458333333333333 0.013541666666666667
1 0.8458333333333333 0.3416666666666667 0.007291666666666667 0.009375