0 0.027083333333333334 0.9177083333333333 0.05416666666666667 0.1375
0 0.271875 0.9364583333333333 0.11145833333333334 0.12083333333333333
0 0.5947916666666667 0.9135416666666667 0.16458333333333333 0.16770833333333332
0 0.7833333333333333 0.90625 0.22083333333333333 0.18229166666666666
0 0.909375 0.9104166666666667 0.178125 0.175
1 0.35104166666666664 0.8427083333333333 0.03854166666666667 0.04479166666666667
1 0.478125 0.8479166666666667 0.034375 0.06041666666666667
1 0.22291666666666668 0.8427083333333333 0.04375 0.05
1 0.128125 0.8427083333333333 0.059375 0.05416666666666667
1 0.07916666666666666 0.834375 0.06458333333333334 0.058333333333333334
1 0.5125 0.8354166666666667 0.03125 0.058333333333333334
1 0.9427083333333334 0.8145833333333333 0.05625 0.03125
1 0.3145833333333333 0.8364583333333333 0.0375 0.041666666666666664
1 0.275 0.8364583333333333 0.04375 0.06145833333333333
1 0.9770833333333333 0.8125 0.026041666666666668 0.029166666666666667
1 0.035416666666666666 0.8322916666666667 0.07083333333333333 0.052083333333333336
0 0.9479166666666666 0.865625 0.103125 0.06875