1 0.7125 0.7125 0.225 0.21145833333333333
1 0.9447916666666667 0.6479166666666667 0.10833333333333334 0.140625
1 0.4875 0.6364583333333333 0.07083333333333333 0.090625
1 0.5635416666666667 0.6510416666666666 0.1 0.14479166666666668
1 0.428125 0.6166666666666667 0.041666666666666664 0.05416666666666667
1 0.8104166666666667 0.6229166666666667 0.09166666666666666 0.08020833333333334
2 0.2916666666666667 0.659375 0.08541666666666667 0.11458333333333333
2 0.7447916666666666 0.5979166666666667 0.036458333333333336 0.027083333333333334
2 0.7010416666666667 0.5916666666666667 0.042708333333333334 0.03125
0 0.5177083333333333 0.5677083333333334 0.11770833333333333 0.096875
1 0.40625 0.596875 0.03333333333333333 0.058333333333333334
1 0.915625 0.6229166666666667 0.08854166666666667 0.09375