1 0.035416666666666666 0.7979166666666667 0.022916666666666665 0.028125
1 0.14791666666666667 0.7770833333333333 0.0125 0.01875
1 0.09479166666666666 0.7885416666666667 0.016666666666666666 0.021875
1 0.06041666666666667 0.7989583333333333 0.020833333333333332 0.030208333333333334
1 0.09479166666666666 0.7885416666666667 0.016666666666666666 0.020833333333333332
0 0.334375 0.778125 0.23020833333333332 0.08229166666666667
1 0.10729166666666666 0.7822916666666667 0.013541666666666667 0.022916666666666665
1 0.07083333333333333 0.79375 0.014583333333333334 0.029166666666666667
1 0.010416666666666666 0.8 0.020833333333333332 0.028125
1 0.08333333333333333 0.7791666666666667 0.013541666666666667 0.016666666666666666
1 0.9520833333333333 0.771875 0.06145833333333333 0.03333333333333333
1 0.621875 0.784375 0.04791666666666667 0.036458333333333336
1 0.075 0.7708333333333334 0.011458333333333333 0.0125
1 0.05520833333333333 0.7854166666666667 0.017708333333333333 0.021875
1 0.06041666666666667 0.7697916666666667 0.08333333333333333 0.04479166666666667