1 0.959375 0.7770833333333333 0.078125 0.11770833333333333
1 0.9291666666666667 0.703125 0.03958333333333333 0.051041666666666666
1 0.13541666666666666 0.8489583333333334 0.13020833333333334 0.16666666666666666
0 0.8979166666666667 0.6739583333333333 0.021875 0.036458333333333336
1 0.8239583333333333 0.6927083333333334 0.036458333333333336 0.046875
1 0.8083333333333333 0.6833333333333333 0.021875 0.036458333333333336
1 0.8708333333333333 0.684375 0.019791666666666666 0.019791666666666666
1 0.965625 0.6729166666666667 0.03125 0.03125
1 0.057291666666666664 0.8614583333333333 0.11354166666666667 0.24895833333333334
1 0.796875 0.6822916666666666 0.009375 0.026041666666666668
0 0.5395833333333333 0.709375 0.23229166666666667 0.34791666666666665
0 0.7010416666666667 0.6895833333333333 0.11041666666666666 0.234375
1 0.39166666666666666 0.7520833333333333 0.071875 0.06145833333333333
1 0.9302083333333333 0.734375 0.028125 0.075