1 0.5989583333333334 0.7229166666666667 0.19791666666666666 0.228125
1 0.8302083333333333 0.6479166666666667 0.046875 0.03854166666666667
1 0.7583333333333333 0.678125 0.07604166666666666 0.09375
1 0.6416666666666667 0.665625 0.13541666666666666 0.1625
1 0.37604166666666666 0.7104166666666667 0.25729166666666664 0.31875
1 0.9635416666666666 0.6385416666666667 0.051041666666666666 0.03958333333333333
2 0.09375 0.7364583333333333 0.078125 0.215625
1 0.8739583333333333 0.58125 0.023958333333333335 0.023958333333333335
1 0.846875 0.5979166666666667 0.020833333333333332 0.03333333333333333
1 0.8614583333333333 0.609375 0.019791666666666666 0.03125
3 0.37604166666666666 0.7052083333333333 0.25833333333333336 0.31145833333333334
3 0.7583333333333333 0.6770833333333334 0.07708333333333334 0.09166666666666666