1 0.853125 0.20416666666666666 0.03229166666666667 0.04895833333333333
1 0.9791666666666666 0.20625 0.03854166666666667 0.058333333333333334
2 0.11875 0.6739583333333333 0.2375 0.6177083333333333
2 0.23333333333333334 0.5927083333333333 0.2875 0.5020833333333333
2 0.334375 0.5520833333333334 0.18854166666666666 0.4
2 0.48020833333333335 0.39479166666666665 0.11875 0.325
2 0.48020833333333335 0.403125 0.259375 0.23229166666666667
2 0.6385416666666667 0.30520833333333336 0.08958333333333333 0.16875
2 0.3697916666666667 0.45416666666666666 0.16770833333333332 0.4010416666666667
2 0.07395833333333333 0.9 0.14791666666666667 0.19479166666666667
2 0.5791666666666667 0.378125 0.22083333333333333 0.22916666666666666
2 0.6604166666666667 0.3072916666666667 0.1 0.19791666666666666
2 0.41458333333333336 0.4552083333333333 0.14375 0.29791666666666666
2 0.69375 0.3145833333333333 0.084375 0.16354166666666667
0 0.73125 0.17083333333333334 0.08125 0.035416666666666666