1 0.45729166666666665 0.715625 0.11354166666666667 0.14479166666666668
1 0.5510416666666667 0.6739583333333333 0.06666666666666667 0.08125
1 0.45625 0.6208333333333333 0.040625 0.04583333333333333
1 0.409375 0.8989583333333333 0.23958333333333334 0.20104166666666667
1 0.675 0.8927083333333333 0.284375 0.21041666666666667
1 0.5197916666666667 0.8302083333333333 0.134375 0.13645833333333332
0 0.2875 0.6375 0.15416666666666667 0.36666666666666664
1 0.5125 0.6166666666666667 0.016666666666666666 0.0375
0 0.646875 0.6114583333333333 0.20520833333333333 0.16041666666666668
0 0.4354166666666667 0.571875 0.1 0.090625
1 0.4083333333333333 0.6395833333333333 0.020833333333333332 0.04375
1 0.7916666666666666 0.6416666666666667 0.041666666666666664 0.03333333333333333