2 0.496875 0.565625 0.14270833333333333 0.4239583333333333
2 0.40208333333333335 0.46041666666666664 0.12916666666666668 0.23645833333333333
1 0.6729166666666667 0.44895833333333335 0.225 0.16145833333333334
1 0.9645833333333333 0.4822916666666667 0.06666666666666667 0.121875
1 0.09166666666666666 0.353125 0.08645833333333333 0.08020833333333334
1 0.16875 0.359375 0.075 0.11041666666666666
1 0.35625 0.3854166666666667 0.07083333333333333 0.084375
1 0.3302083333333333 0.37083333333333335 0.029166666666666667 0.065625
3 0.04479166666666667 0.315625 0.065625 0.0875
3 0.128125 0.309375 0.08958333333333333 0.06458333333333334
3 0.05520833333333333 0.328125 0.05416666666666667 0.06354166666666666
3 0.375 0.32916666666666666 0.06354166666666666 0.03229166666666667
3 0.5385416666666667 0.328125 0.06458333333333334 0.040625
1 0.375 0.32708333333333334 0.06875 0.034375
1 0.4270833333333333 0.38229166666666664 0.11458333333333333 0.10520833333333333
1 0.053125 0.32708333333333334 0.05 0.06770833333333333
1 0.23333333333333334 0.36354166666666665 0.016666666666666666 0.0625
1 0.4791666666666667 0.33229166666666665 0.020833333333333332 0.035416666666666666
1 0.2916666666666667 0.384375 0.019791666666666666 0.059375
0 0.04583333333333333 0.31354166666666666 0.06458333333333334 0.0875