1 0.6572916666666667 0.22708333333333333 0.39791666666666664 0.290625
1 0.40729166666666666 0.096875 0.19895833333333332 0.19375
1 0.19583333333333333 0.06145833333333333 0.10833333333333334 0.11041666666666666
1 0.121875 0.040625 0.07708333333333334 0.078125
2 0.3072916666666667 0.5114583333333333 0.6145833333333334 0.7270833333333333
1 0.5145833333333333 0.0625 0.10729166666666666 0.10520833333333333
1 0.019791666666666666 0.04791666666666667 0.03958333333333333 0.09583333333333334
1 0.96875 0.11041666666666666 0.0375 0.051041666666666666
3 0.6520833333333333 0.08020833333333334 0.21354166666666666 0.13958333333333334
3 0.509375 0.05625 0.10729166666666666 0.10729166666666666
2 0.5552083333333333 0.7520833333333333 0.5625 0.48020833333333335