1 0.353125 0.45 0.115625 0.090625
1 0.5375 0.42916666666666664 0.0375 0.04583333333333333
1 0.8854166666666666 0.434375 0.05416666666666667 0.05
1 0.246875 0.45208333333333334 0.125 0.09375
1 0.584375 0.4479166666666667 0.0875 0.096875
1 0.7041666666666667 0.453125 0.1 0.096875
1 0.09479166666666666 0.51875 0.18854166666666666 0.20416666666666666
1 0.825 0.4583333333333333 0.11666666666666667 0.09895833333333333
1 0.9572916666666667 0.525 0.08125 0.19583333333333333
1 0.15104166666666666 0.42916666666666664 0.11875 0.08958333333333333
1 0.46458333333333335 0.4427083333333333 0.1125 0.1125
1 0.9583333333333334 0.42916666666666664 0.08125 0.0875
1 0.06666666666666667 0.40208333333333335 0.07708333333333334 0.029166666666666667
1 0.471875 0.42083333333333334 0.94375 0.07083333333333333