1 0.21041666666666667 0.728125 0.246875 0.19583333333333333
1 0.08854166666666667 0.721875 0.171875 0.16041666666666668
1 0.6989583333333333 0.6708333333333333 0.04895833333333333 0.04895833333333333
1 0.5166666666666667 0.7916666666666666 0.37395833333333334 0.271875
1 0.6333333333333333 0.659375 0.078125 0.075
1 0.8572916666666667 0.6875 0.025 0.05625
1 0.8520833333333333 0.659375 0.03229166666666667 0.04895833333333333
1 0.017708333333333333 0.6802083333333333 0.034375 0.04375
0 0.14270833333333333 0.634375 0.28541666666666665 0.09895833333333333
3 0.6114583333333333 0.6125 0.06875 0.035416666666666666
3 0.3229166666666667 0.6333333333333333 0.07916666666666666 0.08958333333333333
3 0.7364583333333333 0.6333333333333333 0.019791666666666666 0.020833333333333332
3 0.68125 0.6479166666666667 0.030208333333333334 0.035416666666666666
1 0.4875 0.6510416666666666 0.040625 0.017708333333333333
1 0.540625 0.64375 0.125 0.03958333333333333
1 0.8760416666666667 0.6479166666666667 0.016666666666666666 0.017708333333333333
3 0.5760416666666667 0.6166666666666667 0.14270833333333333 0.07708333333333334