1 0.7125 0.7875 0.146875 0.10104166666666667
1 0.66875 0.7375 0.14375 0.065625
1 0.6458333333333334 0.721875 0.153125 0.08020833333333334
1 0.290625 0.8041666666666667 0.07083333333333333 0.08958333333333333
1 0.2760416666666667 0.7375 0.057291666666666664 0.075
1 0.2864583333333333 0.75 0.065625 0.06666666666666667
1 0.6708333333333333 0.7604166666666666 0.10416666666666667 0.08541666666666667
1 0.6229166666666667 0.684375 0.12395833333333334 0.059375
1 0.45625 0.4739583333333333 0.45208333333333334 0.5020833333333333
3 0.48125 0.48333333333333334 0.078125 0.041666666666666664
3 0.578125 0.6145833333333334 0.10729166666666666 0.065625
3 0.4635416666666667 0.41458333333333336 0.071875 0.03333333333333333
3 0.6083333333333333 0.6395833333333333 0.159375 0.08125
3 0.43854166666666666 0.434375 0.096875 0.04895833333333333