1 0.6958333333333333 0.6114583333333333 0.16145833333333334 0.103125
1 0.6083333333333333 0.590625 0.115625 0.11041666666666666
1 0.40208333333333335 0.5791666666666667 0.029166666666666667 0.034375
1 0.428125 0.5822916666666667 0.046875 0.040625
1 0.35520833333333335 0.584375 0.07291666666666667 0.05625
1 0.48541666666666666 0.5864583333333333 0.05520833333333333 0.05625
1 0.2947916666666667 0.58125 0.021875 0.035416666666666666
1 0.38958333333333334 0.5666666666666667 0.019791666666666666 0.021875
1 0.7875 0.63125 0.04375 0.10520833333333333
1 0.934375 0.6229166666666667 0.128125 0.16354166666666667
1 0.528125 0.5916666666666667 0.07604166666666666 0.06458333333333334
1 0.271875 0.5697916666666667 0.0125 0.029166666666666667
1 0.36354166666666665 0.615625 0.075 0.06354166666666666