1 0.815625 0.18020833333333333 0.19375 0.10625
1 0.5166666666666667 0.17083333333333334 0.29583333333333334 0.15520833333333334
1 0.134375 0.18958333333333333 0.26875 0.12395833333333334
1 0.3541666666666667 0.171875 0.2635416666666667 0.06666666666666667
1 0.10104166666666667 0.11354166666666667 0.20208333333333334 0.052083333333333336
1 0.23958333333333334 0.12395833333333334 0.10729166666666666 0.041666666666666664
1 0.5416666666666666 0.10208333333333333 0.13958333333333334 0.03125
1 0.28229166666666666 0.11979166666666667 0.04583333333333333 0.036458333333333336
1 0.035416666666666666 0.19791666666666666 0.07083333333333333 0.09895833333333333
3 0.10520833333333333 0.1125 0.20729166666666668 0.06458333333333334
3 0.5177083333333333 0.1625 0.28958333333333336 0.146875