1 0.45625 0.6541666666666667 0.071875 0.057291666666666664
1 0.5020833333333333 0.646875 0.04479166666666667 0.04895833333333333
1 0.5864583333333333 0.6364583333333333 0.025 0.023958333333333335
1 0.7083333333333334 0.65 0.046875 0.051041666666666666
1 0.840625 0.6458333333333334 0.10416666666666667 0.042708333333333334
1 0.7854166666666667 0.6385416666666667 0.03958333333333333 0.034375
1 0.640625 0.6302083333333334 0.014583333333333334 0.014583333333333334
1 0.6697916666666667 0.6125 0.008333333333333333 0.010416666666666666
1 0.528125 0.6427083333333333 0.034375 0.040625
1 0.6572916666666667 0.63125 0.014583333333333334 0.016666666666666666
1 0.9291666666666667 0.6416666666666667 0.040625 0.03125
1 0.6916666666666667 0.5989583333333334 0.007291666666666667 0.009375
1 0.6989583333333333 0.6270833333333333 0.03333333333333333 0.021875
1 0.8645833333333334 0.628125 0.25833333333333336 0.04791666666666667