1 0.6395833333333333 0.234375 0.041666666666666664 0.04583333333333333
1 0.728125 0.27291666666666664 0.09166666666666666 0.05416666666666667
1 0.7041666666666667 0.23333333333333334 0.036458333333333336 0.04479166666666667
1 0.7645833333333333 0.228125 0.03854166666666667 0.05
1 0.03333333333333333 0.07291666666666667 0.05625 0.025
1 0.8697916666666666 0.25104166666666666 0.09270833333333334 0.06354166666666666
1 0.046875 0.06354166666666666 0.04375 0.020833333333333332
1 0.51875 0.24375 0.04479166666666667 0.052083333333333336
1 0.07604166666666666 0.041666666666666664 0.036458333333333336 0.023958333333333335
1 0.07916666666666666 0.03229166666666667 0.041666666666666664 0.023958333333333335
1 0.9802083333333333 0.23854166666666668 0.03854166666666667 0.05520833333333333
2 0.33229166666666665 0.6197916666666666 0.030208333333333334 0.06458333333333334
2 0.56875 0.6979166666666666 0.053125 0.096875
2 0.46979166666666666 0.7260416666666667 0.06875 0.10104166666666667
2 0.29791666666666666 0.5895833333333333 0.03958333333333333 0.06458333333333334
2 0.38125 0.640625 0.06145833333333333 0.09479166666666666
2 0.384375 0.7677083333333333 0.07395833333333333 0.11041666666666666
2 0.5333333333333333 0.7697916666666667 0.06666666666666667 0.12291666666666666
2 0.31145833333333334 0.35208333333333336 0.0375 0.07395833333333333
2 0.24166666666666667 0.390625 0.022916666666666665 0.057291666666666664
2 0.26875 0.5572916666666666 0.0375 0.06354166666666666
3 0.06041666666666667 0.058333333333333334 0.03958333333333333 0.025
2 0.4197916666666667 0.7041666666666667 0.03854166666666667 0.06458333333333334
3 0.075 0.04375 0.03958333333333333 0.026041666666666668
3 0.103125 0.023958333333333335 0.035416666666666666 0.025
3 0.1375 0.011458333333333333 0.030208333333333334 0.021875
2 0.20625 0.5114583333333333 0.025 0.057291666666666664
2 0.23645833333333333 0.5427083333333333 0.020833333333333332 0.04791666666666667
3 0.153125 0.09270833333333334 0.026041666666666668 0.030208333333333334
1 0.12604166666666666 0.04895833333333333 0.07083333333333333 0.096875