2 0.32708333333333334 0.51875 0.17604166666666668 0.08229166666666667
2 0.23645833333333333 0.5208333333333334 0.05 0.058333333333333334
2 0.653125 0.5208333333333334 0.07708333333333334 0.051041666666666666
2 0.7072916666666667 0.525 0.04583333333333333 0.04375
2 0.7447916666666666 0.51875 0.035416666666666666 0.04791666666666667
2 0.7916666666666666 0.5197916666666667 0.022916666666666665 0.022916666666666665
2 0.7239583333333334 0.5197916666666667 0.019791666666666666 0.034375
2 0.7489583333333333 0.5135416666666667 0.059375 0.052083333333333336
2 0.7791666666666667 0.521875 0.022916666666666665 0.03229166666666667
2 0.121875 0.5072916666666667 0.16458333333333333 0.08541666666666667
2 0.5989583333333334 0.496875 0.021875 0.053125
2 0.9666666666666667 0.5208333333333334 0.025 0.021875