0 0.8822916666666667 0.509375 0.23020833333333332 0.16875
1 0.8447916666666667 0.5979166666666667 0.058333333333333334 0.06041666666666667
1 0.6979166666666666 0.609375 0.15208333333333332 0.07604166666666666
1 0.603125 0.5958333333333333 0.09583333333333334 0.06770833333333333
3 0.9052083333333333 0.5927083333333333 0.12916666666666668 0.08020833333333334
1 0.4583333333333333 0.6020833333333333 0.08541666666666667 0.071875
1 0.38645833333333335 0.6010416666666667 0.08541666666666667 0.07604166666666666
1 0.9875 0.6 0.020833333333333332 0.041666666666666664
1 0.31666666666666665 0.6052083333333333 0.10625 0.08229166666666667
1 0.5322916666666667 0.6 0.08958333333333333 0.07395833333333333
1 0.6510416666666666 0.58125 0.059375 0.03125
1 0.703125 0.56875 0.05520833333333333 0.020833333333333332
3 0.7875 0.5979166666666667 0.09583333333333334 0.07708333333333334
1 0.7427083333333333 0.5729166666666666 0.035416666666666666 0.03958333333333333