2 0.27291666666666664 0.6125 0.35625 0.7708333333333334
2 0.8645833333333334 0.6375 0.26666666666666666 0.721875
2 0.721875 0.5604166666666667 0.23333333333333334 0.6177083333333333
2 0.63125 0.5114583333333333 0.13020833333333334 0.34791666666666665
2 0.49270833333333336 0.48333333333333334 0.0375 0.10729166666666666
2 0.14583333333333334 0.6010416666666667 0.28958333333333336 0.7635416666666667
2 0.5854166666666667 0.45208333333333334 0.065625 0.17291666666666666
2 0.4114583333333333 0.5583333333333333 0.09270833333333334 0.18333333333333332
2 0.42916666666666664 0.4947916666666667 0.078125 0.15729166666666666
2 0.5541666666666667 0.4625 0.03333333333333333 0.14895833333333333
2 0.46770833333333334 0.4875 0.021875 0.11666666666666667