1 0.8114583333333333 0.4583333333333333 0.1375 0.13020833333333334
1 0.12916666666666668 0.48333333333333334 0.15625 0.07916666666666666
1 0.6239583333333333 0.4875 0.053125 0.053125
1 0.5729166666666666 0.475 0.06354166666666666 0.084375
1 0.6791666666666667 0.48854166666666665 0.053125 0.052083333333333336
1 0.9645833333333333 0.496875 0.030208333333333334 0.03229166666666667
1 0.725 0.48541666666666666 0.042708333333333334 0.05625
1 0.9302083333333333 0.5 0.026041666666666668 0.028125
1 0.04479166666666667 0.484375 0.08854166666666667 0.06770833333333333
1 0.9020833333333333 0.503125 0.021875 0.020833333333333332
1 0.6572916666666667 0.46875 0.046875 0.029166666666666667
1 0.8864583333333333 0.496875 0.010416666666666666 0.034375