0 0.08645833333333333 0.6260416666666667 0.17291666666666666 0.38958333333333334
0 0.225 0.40208333333333335 0.13125 0.21770833333333334
0 0.36770833333333336 0.309375 0.10104166666666667 0.18020833333333333
0 0.540625 0.3302083333333333 0.08958333333333333 0.18125
0 0.3875 0.09479166666666666 0.03333333333333333 0.06354166666666666
0 0.275 0.3125 0.1125 0.178125
1 0.390625 0.6125 0.10520833333333333 0.203125
1 0.41875 0.478125 0.071875 0.10104166666666667
1 0.45208333333333334 0.30520833333333336 0.053125 0.029166666666666667
1 0.18645833333333334 0.5114583333333333 0.06458333333333334 0.15833333333333333
1 0.353125 0.7625 0.12395833333333334 0.17708333333333334
1 0.44166666666666665 0.41770833333333335 0.06875 0.12395833333333334
1 0.44895833333333335 0.2760416666666667 0.03854166666666667 0.06041666666666667
1 0.45729166666666665 0.215625 0.03854166666666667 0.034375
1 0.515625 0.21770833333333334 0.020833333333333332 0.042708333333333334
1 0.46145833333333336 0.16458333333333333 0.025 0.014583333333333334
1 0.4625 0.13125 0.027083333333333334 0.025
1 0.4635416666666667 0.20208333333333334 0.030208333333333334 0.03333333333333333
1 0.45625 0.2791666666666667 0.0375 0.025
0 0.35833333333333334 0.18125 0.06354166666666666 0.09791666666666667
1 0.34791666666666665 0.20833333333333334 0.43645833333333334 0.3458333333333333