2 0.659375 0.6885416666666667 0.28020833333333334 0.28541666666666665
2 0.3729166666666667 0.6270833333333333 0.171875 0.15208333333333332
2 0.9 0.58125 0.058333333333333334 0.071875
2 0.8552083333333333 0.5697916666666667 0.06979166666666667 0.06770833333333333
2 0.8260416666666667 0.56875 0.036458333333333336 0.04895833333333333
2 0.9833333333333333 0.6041666666666666 0.029166666666666667 0.07916666666666666
3 0.6541666666666667 0.534375 0.08645833333333333 0.053125
2 0.9541666666666667 0.575 0.08229166666666667 0.10208333333333333
2 0.803125 0.5572916666666666 0.04375 0.058333333333333334
2 0.771875 0.565625 0.01875 0.03854166666666667
2 0.014583333333333334 0.55625 0.029166666666666667 0.03854166666666667
2 0.46770833333333334 0.5791666666666667 0.10416666666666667 0.128125
2 0.18333333333333332 0.596875 0.125 0.1
2 0.33958333333333335 0.5916666666666667 0.11875 0.16875
2 0.16458333333333333 0.5916666666666667 0.28125 0.15729166666666666