2 0.30416666666666664 0.7958333333333333 0.12708333333333333 0.38229166666666664
2 0.19583333333333333 0.778125 0.14166666666666666 0.4395833333333333
2 0.484375 0.8197916666666667 0.11875 0.35520833333333335
2 0.4 0.8166666666666667 0.11770833333333333 0.35833333333333334
2 0.659375 0.7895833333333333 0.125 0.39791666666666664
2 0.58125 0.825 0.09791666666666667 0.2791666666666667
2 0.8552083333333333 0.8197916666666667 0.13958333333333334 0.35520833333333335
2 0.04791666666666667 0.7739583333333333 0.09583333333333334 0.3854166666666667
2 0.10416666666666667 0.8104166666666667 0.08229166666666667 0.34791666666666665
2 0.7645833333333333 0.8427083333333333 0.096875 0.28541666666666665
2 0.9416666666666667 0.7802083333333333 0.1125 0.3854166666666667