1 0.25104166666666666 0.8510416666666667 0.041666666666666664 0.040625
1 0.3375 0.8489583333333334 0.016666666666666666 0.017708333333333333
1 0.5979166666666667 0.8458333333333333 0.021875 0.029166666666666667
1 0.184375 0.8489583333333334 0.05416666666666667 0.05
1 0.9510416666666667 0.840625 0.096875 0.10625
1 0.3572916666666667 0.846875 0.014583333333333334 0.017708333333333333
1 0.22708333333333333 0.853125 0.01875 0.03333333333333333
3 0.7520833333333333 0.8416666666666667 0.08125 0.08229166666666667
3 0.5489583333333333 0.8395833333333333 0.04583333333333333 0.06145833333333333
3 0.09375 0.8385416666666666 0.09895833333333333 0.08958333333333333
3 0.2833333333333333 0.8447916666666667 0.026041666666666668 0.035416666666666666
3 0.5 0.8427083333333333 0.023958333333333335 0.030208333333333334
3 0.95 0.8416666666666667 0.09791666666666667 0.10520833333333333
3 0.184375 0.8479166666666667 0.05416666666666667 0.053125
1 0.3875 0.8489583333333334 0.01875 0.01875
1 0.36770833333333336 0.8458333333333333 0.010416666666666666 0.014583333333333334