1 0.8760416666666667 0.12604166666666666 0.103125 0.042708333333333334
1 0.9739583333333334 0.15729166666666666 0.046875 0.052083333333333336
1 0.821875 0.11145833333333334 0.08645833333333333 0.028125
1 0.7635416666666667 0.10416666666666667 0.07291666666666667 0.028125
1 0.9166666666666666 0.134375 0.12708333333333333 0.042708333333333334
1 0.796875 0.11041666666666666 0.08854166666666667 0.0375
1 0.8208333333333333 0.12083333333333333 0.06770833333333333 0.036458333333333336
1 0.6520833333333333 0.08229166666666667 0.065625 0.025
1 0.584375 0.059375 0.06979166666666667 0.025
1 0.6927083333333334 0.08854166666666667 0.059375 0.026041666666666668
1 0.603125 0.071875 0.042708333333333334 0.020833333333333332