1 0.2677083333333333 0.8072916666666666 0.022916666666666665 0.023958333333333335
1 0.28020833333333334 0.8354166666666667 0.025 0.027083333333333334
1 0.2947916666666667 0.8760416666666667 0.025 0.0375
1 0.3229166666666667 0.9 0.03125 0.036458333333333336
1 0.23020833333333332 0.8541666666666666 0.027083333333333334 0.03125
1 0.24270833333333333 0.8322916666666667 0.021875 0.029166666666666667
1 0.225 0.7947916666666667 0.020833333333333332 0.030208333333333334
1 0.371875 0.7625 0.01875 0.026041666666666668
1 0.21041666666666667 0.7802083333333333 0.016666666666666666 0.01875
1 0.23020833333333332 0.8145833333333333 0.020833333333333332 0.026041666666666668
1 0.246875 0.7916666666666666 0.01875 0.020833333333333332
1 0.20104166666666667 0.80625 0.023958333333333335 0.027083333333333334
1 0.275 0.8979166666666667 0.029166666666666667 0.034375
1 0.36666666666666664 0.6895833333333333 0.4583333333333333 0.4