0 0.21354166666666666 0.7427083333333333 0.3489583333333333 0.446875
0 0.653125 0.5635416666666667 0.26666666666666666 0.3260416666666667
0 0.6333333333333333 0.4822916666666667 0.18854166666666666 0.1875
0 0.5125 0.5197916666666667 0.315625 0.29791666666666666
0 0.865625 0.6729166666666667 0.17083333333333334 0.4666666666666667
0 0.415625 0.5072916666666667 0.19375 0.20729166666666668
0 0.240625 0.4166666666666667 0.2 0.18229166666666666
0 0.2947916666666667 0.428125 0.16979166666666667 0.16770833333333332
0 0.33958333333333335 0.44375 0.17708333333333334 0.18645833333333334
0 0.42916666666666664 0.09583333333333334 0.021875 0.014583333333333334
0 0.428125 0.12291666666666666 0.06041666666666667 0.04375
0 0.49166666666666664 0.17708333333333334 0.04583333333333333 0.026041666666666668
0 0.5625 0.18020833333333333 0.05625 0.042708333333333334
0 0.5854166666666667 0.40520833333333334 0.765625 0.809375