1 0.6791666666666667 0.103125 0.03229166666666667 0.014583333333333334
1 0.8385416666666666 0.10208333333333333 0.030208333333333334 0.03333333333333333
1 0.40625 0.08229166666666667 0.034375 0.019791666666666666
1 0.9083333333333333 0.11458333333333333 0.027083333333333334 0.025
1 0.9427083333333334 0.11145833333333334 0.03333333333333333 0.03125
1 0.8020833333333334 0.10625 0.028125 0.03125
1 0.6302083333333334 0.09791666666666667 0.03229166666666667 0.021875
1 0.9020833333333333 0.103125 0.025 0.023958333333333335
1 0.6020833333333333 0.09270833333333334 0.036458333333333336 0.030208333333333334
1 0.8729166666666667 0.10833333333333334 0.029166666666666667 0.035416666666666666
1 0.9770833333333333 0.11770833333333333 0.026041666666666668 0.027083333333333334
1 0.6552083333333333 0.09895833333333333 0.023958333333333335 0.01875
3 0.521875 0.09375 0.010416666666666666 0.019791666666666666
3 0.7572916666666667 0.09583333333333334 0.020833333333333332 0.029166666666666667
3 0.55625 0.09270833333333334 0.03229166666666667 0.026041666666666668
1 0.7083333333333334 0.103125 0.030208333333333334 0.019791666666666666
3 0.9395833333333333 0.109375 0.036458333333333336 0.04375
3 0.5802083333333333 0.09166666666666666 0.029166666666666667 0.03333333333333333
1 0.71875 0.0875 0.559375 0.08333333333333333