1 0.7447916666666666 0.24375 0.057291666666666664 0.023958333333333335
1 0.8916666666666667 0.22708333333333333 0.04375 0.01875
3 0.775 0.28854166666666664 0.090625 0.08541666666666667
3 0.8583333333333333 0.22083333333333333 0.04479166666666667 0.022916666666666665
1 0.9802083333333333 0.23645833333333333 0.035416666666666666 0.022916666666666665
1 0.809375 0.21875 0.0375 0.017708333333333333
1 0.76875 0.215625 0.029166666666666667 0.016666666666666666
1 0.8270833333333333 0.221875 0.027083333333333334 0.015625
1 0.9375 0.23020833333333332 0.052083333333333336 0.021875
1 0.7489583333333333 0.21458333333333332 0.022916666666666665 0.014583333333333334
1 0.6916666666666667 0.21145833333333333 0.03125 0.015625