1 0.9041666666666667 0.5604166666666667 0.041666666666666664 0.026041666666666668
1 0.746875 0.5614583333333333 0.04583333333333333 0.027083333333333334
1 0.41354166666666664 0.546875 0.04895833333333333 0.029166666666666667
1 0.05416666666666667 0.5447916666666667 0.042708333333333334 0.020833333333333332
1 0.096875 0.5489583333333333 0.0375 0.025
1 0.86875 0.5604166666666667 0.03333333333333333 0.023958333333333335
1 0.3260416666666667 0.5447916666666667 0.041666666666666664 0.029166666666666667
1 0.37083333333333335 0.55 0.04479166666666667 0.022916666666666665
1 0.490625 0.5479166666666667 0.04479166666666667 0.017708333333333333
1 0.025 0.5416666666666666 0.036458333333333336 0.026041666666666668
1 0.2833333333333333 0.5489583333333333 0.036458333333333336 0.027083333333333334
1 0.53125 0.5520833333333334 0.04895833333333333 0.028125
1 0.5854166666666667 0.55625 0.041666666666666664 0.027083333333333334
1 0.575 0.5489583333333333 0.7875 0.051041666666666666