3 0.35208333333333336 0.484375 0.4125 0.628125
3 0.6614583333333334 0.5895833333333333 0.4083333333333333 0.7895833333333333
3 0.134375 0.440625 0.26666666666666666 0.440625
3 0.5510416666666667 0.20833333333333334 0.14270833333333333 0.128125
3 0.3416666666666667 0.19895833333333332 0.10208333333333333 0.08958333333333333
3 0.9333333333333333 0.3416666666666667 0.12916666666666668 0.4083333333333333
3 0.42916666666666664 0.18958333333333333 0.121875 0.08854166666666667
3 0.5791666666666667 0.09895833333333333 0.01875 0.010416666666666666
3 0.6145833333333334 0.178125 0.07291666666666667 0.134375
3 0.7041666666666667 0.109375 0.075 0.029166666666666667
3 0.5239583333333333 0.13645833333333332 0.058333333333333334 0.028125
3 0.5677083333333334 0.11145833333333334 0.041666666666666664 0.013541666666666667
3 0.7 0.175 0.10833333333333334 0.07291666666666667