1 0.496875 0.2833333333333333 0.21770833333333334 0.315625
1 0.25833333333333336 0.196875 0.1625 0.20104166666666667
1 0.353125 0.11770833333333333 0.159375 0.18854166666666666
1 0.5666666666666667 0.071875 0.04791666666666667 0.09895833333333333
1 0.8322916666666667 0.09583333333333334 0.052083333333333336 0.0875
3 0.10208333333333333 0.22395833333333334 0.20416666666666666 0.36875
1 0.7010416666666667 0.10520833333333333 0.034375 0.14270833333333333
1 0.5729166666666666 0.17291666666666666 0.06041666666666667 0.109375
1 0.840625 0.6802083333333333 0.315625 0.31666666666666665
1 0.48854166666666665 0.065625 0.11666666666666667 0.13020833333333334
1 0.8822916666666667 0.8520833333333333 0.23333333333333334 0.2916666666666667
1 0.2520833333333333 0.058333333333333334 0.08958333333333333 0.08645833333333333
1 0.1625 0.06354166666666666 0.030208333333333334 0.052083333333333336
3 0.49583333333333335 0.06666666666666667 0.12291666666666666 0.13020833333333334