1 0.909375 0.07291666666666667 0.146875 0.11354166666666667
1 0.7552083333333334 0.08229166666666667 0.19270833333333334 0.103125
2 0.515625 0.5333333333333333 0.06041666666666667 0.13958333333333334
3 0.59375 0.10520833333333333 0.184375 0.15625
2 0.3729166666666667 0.51875 0.03333333333333333 0.13645833333333332
2 0.815625 0.5625 0.04895833333333333 0.134375
2 0.60625 0.5385416666666667 0.05520833333333333 0.128125
2 0.6729166666666667 0.5489583333333333 0.04791666666666667 0.12604166666666666
2 0.4375 0.521875 0.07083333333333333 0.13854166666666667
2 0.2791666666666667 0.5083333333333333 0.05 0.13541666666666666
2 0.146875 0.4947916666666667 0.06041666666666667 0.13645833333333332
1 0.5208333333333334 0.06666666666666667 0.027083333333333334 0.023958333333333335