3 0.3 0.6645833333333333 0.07291666666666667 0.20833333333333334
3 0.3489583333333333 0.4895833333333333 0.0625 0.12604166666666666
3 0.5541666666666667 0.23333333333333334 0.065625 0.121875
3 0.325 0.5895833333333333 0.05416666666666667 0.159375
3 0.3697916666666667 0.45208333333333334 0.04895833333333333 0.15208333333333332
3 0.43645833333333334 0.2833333333333333 0.06979166666666667 0.11666666666666667
1 0.35208333333333336 0.7510416666666667 0.034375 0.053125
1 0.35625 0.7239583333333334 0.0375 0.041666666666666664
1 0.3625 0.6916666666666667 0.035416666666666666 0.051041666666666666
1 0.45416666666666666 0.409375 0.028125 0.040625
1 0.50625 0.4625 0.023958333333333335 0.034375
1 0.5145833333333333 0.4427083333333333 0.03229166666666667 0.03333333333333333
3 0.4822916666666667 0.26145833333333335 0.07395833333333333 0.12395833333333334
1 0.465625 0.07708333333333334 0.021875 0.03333333333333333
1 0.46145833333333336 0.04895833333333333 0.021875 0.026041666666666668
2 0.4375 0.03229166666666667 0.00625 0.01875
3 0.4083333333333333 0.3229166666666667 0.05416666666666667 0.13020833333333334
1 0.4739583333333333 0.13958333333333334 0.057291666666666664 0.040625
1 0.4354166666666667 0.12708333333333333 0.042708333333333334 0.029166666666666667
1 0.53125 0.3770833333333333 0.03125 0.016666666666666666
1 0.5145833333333333 0.421875 0.029166666666666667 0.025