1 0.309375 0.69375 0.10729166666666666 0.058333333333333334
1 0.31145833333333334 0.6989583333333333 0.109375 0.058333333333333334
1 0.44895833333333335 0.6677083333333333 0.0375 0.026041666666666668
1 0.61875 0.7010416666666667 0.08958333333333333 0.05520833333333333
1 0.4791666666666667 0.6645833333333333 0.03958333333333333 0.017708333333333333
1 0.5552083333333333 0.65625 0.027083333333333334 0.016666666666666666
1 0.38333333333333336 0.6708333333333333 0.05625 0.03229166666666667
1 0.565625 0.7104166666666667 0.12916666666666668 0.065625
1 0.06979166666666667 0.7052083333333333 0.12395833333333334 0.057291666666666664
1 0.5135416666666667 0.6614583333333334 0.03333333333333333 0.017708333333333333
1 0.490625 0.6625 0.03229166666666667 0.01875
1 0.175 0.6916666666666667 0.10104166666666667 0.058333333333333334
1 0.22708333333333333 0.6979166666666666 0.45416666666666666 0.08333333333333333