1 0.9614583333333333 0.503125 0.075 0.08958333333333333
1 0.175 0.490625 0.029166666666666667 0.034375
1 0.165625 0.475 0.03229166666666667 0.03958333333333333
1 0.14270833333333333 0.478125 0.04895833333333333 0.04479166666666667
1 0.140625 0.471875 0.059375 0.05520833333333333
1 0.10104166666666667 0.475 0.025 0.036458333333333336
1 0.05416666666666667 0.47291666666666665 0.020833333333333332 0.021875
3 0.521875 0.5625 0.70625 0.6864583333333333
1 0.134375 0.48854166666666665 0.016666666666666666 0.022916666666666665
1 0.11145833333333334 0.48020833333333335 0.019791666666666666 0.0375
1 0.04479166666666667 0.471875 0.011458333333333333 0.026041666666666668
1 0.07291666666666667 0.475 0.022916666666666665 0.030208333333333334