0 0.4708333333333333 0.6822916666666666 0.07916666666666666 0.084375
1 0.3385416666666667 0.740625 0.146875 0.10104166666666667
1 0.828125 0.8458333333333333 0.20729166666666668 0.24895833333333334
1 0.6770833333333334 0.7885416666666667 0.04583333333333333 0.10416666666666667
1 0.66875 0.78125 0.053125 0.09270833333333334
1 0.7197916666666667 0.7916666666666666 0.08854166666666667 0.14583333333333334
1 0.5947916666666667 0.7145833333333333 0.036458333333333336 0.05520833333333333
1 0.5489583333333333 0.7291666666666666 0.06979166666666667 0.06354166666666666
1 0.08958333333333333 0.7479166666666667 0.07291666666666667 0.06354166666666666
1 0.6604166666666667 0.7552083333333334 0.07604166666666666 0.10416666666666667
1 0.6375 0.7239583333333334 0.022916666666666665 0.0375
1 0.26875 0.709375 0.029166666666666667 0.03125
1 0.028125 0.7447916666666666 0.05625 0.10208333333333333
1 0.19583333333333333 0.7270833333333333 0.04583333333333333 0.05
0 0.5322916666666667 0.6739583333333333 0.040625 0.057291666666666664