1 0.5572916666666666 0.4 0.19375 0.146875
1 0.49375 0.35104166666666664 0.15208333333333332 0.103125
1 0.32916666666666666 0.35833333333333334 0.08854166666666667 0.084375
1 0.19895833333333332 0.3333333333333333 0.06354166666666666 0.019791666666666666
1 0.6572916666666667 0.28541666666666665 0.06041666666666667 0.03229166666666667
1 0.9364583333333333 0.26666666666666666 0.0625 0.020833333333333332
1 0.5854166666666667 0.29375 0.0375 0.017708333333333333
1 0.9510416666666667 0.34270833333333334 0.06770833333333333 0.090625
1 0.23333333333333334 0.575 0.4625 0.4583333333333333
1 0.4166666666666667 0.346875 0.04895833333333333 0.09479166666666666
3 0.7416666666666667 0.475 0.4791666666666667 0.41770833333333335
3 0.0625 0.34791666666666665 0.12083333333333333 0.11458333333333333
1 0.24583333333333332 0.30104166666666665 0.06666666666666667 0.027083333333333334
3 0.48854166666666665 0.353125 0.17708333333333334 0.11041666666666666