1 0.8072916666666666 0.68125 0.07916666666666666 0.042708333333333334
1 0.159375 0.6864583333333333 0.1125 0.05
1 0.22604166666666667 0.6885416666666667 0.084375 0.036458333333333336
1 0.4322916666666667 0.6927083333333334 0.07395833333333333 0.046875
1 0.6135416666666667 0.6833333333333333 0.030208333333333334 0.0375
3 0.6427083333333333 0.675 0.08958333333333333 0.042708333333333334
3 0.5447916666666667 0.6708333333333333 0.1125 0.075
1 0.6958333333333333 0.6760416666666667 0.08854166666666667 0.057291666666666664
3 0.353125 0.6927083333333334 0.11770833333333333 0.0625
1 0.8697916666666666 0.684375 0.08229166666666667 0.046875
1 0.7541666666666667 0.684375 0.065625 0.040625
1 0.965625 0.6802083333333333 0.065625 0.040625
1 0.29583333333333334 0.684375 0.075 0.04375
1 0.109375 0.696875 0.084375 0.042708333333333334
1 0.3541666666666667 0.6927083333333334 0.11458333333333333 0.059375
1 0.4864583333333333 0.6916666666666667 0.05416666666666667 0.04583333333333333
1 0.48333333333333334 0.69375 0.09375 0.07708333333333334