1 0.91875 0.80625 0.09479166666666666 0.11875
1 0.5322916666666667 0.7666666666666667 0.04791666666666667 0.09791666666666667
1 0.846875 0.8135416666666667 0.0375 0.06770833333333333
1 0.07708333333333334 0.7229166666666667 0.15416666666666667 0.20625
0 0.6854166666666667 0.6854166666666667 0.27291666666666664 0.3645833333333333
3 0.3125 0.6270833333333333 0.3854166666666667 0.4947916666666667
1 0.8572916666666667 0.6635416666666667 0.013541666666666667 0.01875
1 0.8302083333333333 0.6697916666666667 0.017708333333333333 0.022916666666666665
1 0.8770833333333333 0.803125 0.019791666666666666 0.08541666666666667
1 0.8270833333333333 0.7125 0.0125 0.04583333333333333
1 0.8375 0.64375 0.011458333333333333 0.020833333333333332
1 0.859375 0.6510416666666666 0.013541666666666667 0.017708333333333333
0 0.51875 0.746875 0.04791666666666667 0.12604166666666666