1 0.3572916666666667 0.509375 0.140625 0.10104166666666667
1 0.47708333333333336 0.5010416666666667 0.05416666666666667 0.071875
1 0.18333333333333332 0.509375 0.05625 0.07916666666666666
3 0.5770833333333333 0.46041666666666664 0.18541666666666667 0.190625
1 0.05520833333333333 0.5854166666666667 0.11041666666666666 0.11770833333333333
1 0.7 0.478125 0.035416666666666666 0.030208333333333334
1 0.8770833333333333 0.471875 0.014583333333333334 0.034375
1 0.10625 0.5135416666666667 0.146875 0.08125
1 0.22083333333333333 0.5166666666666667 0.05 0.071875
1 0.46041666666666664 0.478125 0.03125 0.03229166666666667
1 0.975 0.5291666666666667 0.04583333333333333 0.07083333333333333
1 0.765625 0.4708333333333333 0.023958333333333335 0.025