1 0.5364583333333334 0.496875 0.029166666666666667 0.04791666666666667
1 0.5927083333333333 0.50625 0.028125 0.05625
2 0.7614583333333333 0.7197916666666667 0.1125 0.43854166666666666
2 0.640625 0.55625 0.04583333333333333 0.11666666666666667
1 0.5604166666666667 0.41041666666666665 0.009375 0.015625
1 0.5864583333333333 0.45 0.026041666666666668 0.029166666666666667
1 0.5395833333333333 0.446875 0.013541666666666667 0.020833333333333332
1 0.559375 0.44166666666666665 0.025 0.0375
1 0.58125 0.4270833333333333 0.0125 0.021875
1 0.49895833333333334 0.44895833333333335 0.017708333333333333 0.04375
1 0.5177083333333333 0.4427083333333333 0.013541666666666667 0.03958333333333333
1 0.5270833333333333 0.42291666666666666 0.009375 0.03229166666666667
1 0.5770833333333333 0.4010416666666667 0.009375 0.015625
1 0.7489583333333333 0.5354166666666667 0.12395833333333334 0.090625