1 0.44895833333333335 0.609375 0.4895833333333333 0.49583333333333335
1 0.8958333333333334 0.36875 0.10416666666666667 0.053125
1 0.7739583333333333 0.3645833333333333 0.13645833333333332 0.06041666666666667
1 0.209375 0.3541666666666667 0.0375 0.040625
0 0.9739583333333334 0.3375 0.051041666666666666 0.109375
3 0.6677083333333333 0.35104166666666664 0.15208333333333332 0.07604166666666666
1 0.3385416666666667 0.346875 0.05 0.023958333333333335
1 0.30416666666666664 0.3489583333333333 0.041666666666666664 0.023958333333333335
1 0.25625 0.3614583333333333 0.03229166666666667 0.023958333333333335
1 0.6645833333333333 0.35104166666666664 0.15104166666666666 0.08020833333333334
1 0.284375 0.346875 0.01875 0.023958333333333335
1 0.11875 0.35833333333333334 0.028125 0.04895833333333333