1 0.5697916666666667 0.5708333333333333 0.23333333333333334 0.10625
1 0.3145833333333333 0.5041666666666667 0.09166666666666666 0.06041666666666667
1 0.375 0.5020833333333333 0.084375 0.04791666666666667
1 0.6083333333333333 0.5270833333333333 0.16770833333333332 0.08541666666666667
1 0.39791666666666664 0.490625 0.103125 0.057291666666666664
1 0.6604166666666667 0.4864583333333333 0.06666666666666667 0.03958333333333333
1 0.03229166666666667 0.496875 0.06458333333333334 0.051041666666666666
1 0.096875 0.4864583333333333 0.11875 0.06145833333333333
1 0.4583333333333333 0.49166666666666664 0.0375 0.040625
1 0.4895833333333333 0.49270833333333336 0.04479166666666667 0.028125
1 0.5145833333333333 0.490625 0.035416666666666666 0.025
3 0.21770833333333334 0.5020833333333333 0.18541666666666667 0.08854166666666667