2 0.525 0.5177083333333333 0.6104166666666667 0.590625
3 0.45625 0.08333333333333333 0.165625 0.16458333333333333
1 0.20729166666666668 0.090625 0.015625 0.021875
1 0.9739583333333334 0.18854166666666666 0.04791666666666667 0.10625
1 0.2635416666666667 0.08958333333333333 0.052083333333333336 0.034375
1 0.3104166666666667 0.08958333333333333 0.07083333333333333 0.04895833333333333
1 0.3385416666666667 0.096875 0.05 0.042708333333333334
1 0.35104166666666664 0.10208333333333333 0.04791666666666667 0.07708333333333334
1 0.9614583333333333 0.11875 0.07291666666666667 0.10833333333333334
1 0.07291666666666667 0.10833333333333334 0.13125 0.059375
1 0.8697916666666666 0.0875 0.020833333333333332 0.035416666666666666
1 0.771875 0.09479166666666666 0.071875 0.07395833333333333
1 0.09166666666666666 0.17916666666666667 0.18020833333333333 0.209375
1 0.7989583333333333 0.09166666666666666 0.0625 0.06458333333333334
3 0.5822916666666667 0.1 0.22083333333333333 0.14583333333333334
3 0.09166666666666666 0.15208333333333332 0.18333333333333332 0.14791666666666667
1 0.9020833333333333 0.08229166666666667 0.06875 0.046875
1 0.5302083333333333 0.09791666666666667 0.8895833333333333 0.15416666666666667