1 0.8427083333333333 0.25 0.14791666666666667 0.09375
1 0.6010416666666667 0.24375 0.15104166666666666 0.11875
1 0.7416666666666667 0.2552083333333333 0.1 0.09270833333333334
1 0.346875 0.25 0.128125 0.09791666666666667
3 0.646875 0.18125 0.18125 0.029166666666666667
3 0.709375 0.20625 0.10208333333333333 0.03333333333333333
1 0.9291666666666667 0.24895833333333334 0.1375 0.11458333333333333
1 0.27395833333333336 0.23854166666666668 0.041666666666666664 0.06979166666666667
1 0.41041666666666665 0.22083333333333333 0.036458333333333336 0.042708333333333334
1 0.28020833333333334 0.2125 0.046875 0.023958333333333335
1 0.484375 0.25104166666666666 0.128125 0.10208333333333333
1 0.13229166666666667 0.209375 0.0375 0.05
3 0.8260416666666667 0.18333333333333332 0.125 0.052083333333333336
1 0.7895833333333333 0.22291666666666668 0.065625 0.03958333333333333
3 0.07916666666666666 0.23645833333333333 0.13125 0.13958333333333334
3 0.20625 0.24166666666666667 0.12916666666666668 0.115625
1 0.5854166666666667 0.19583333333333333 0.603125 0.08229166666666667