0 0.121875 0.7052083333333333 0.18333333333333332 0.125
1 0.5302083333333333 0.6552083333333333 0.06979166666666667 0.065625
1 0.9114583333333334 0.7125 0.05 0.06666666666666667
1 0.3614583333333333 0.6291666666666667 0.071875 0.059375
1 0.8239583333333333 0.703125 0.06041666666666667 0.065625
1 0.7166666666666667 0.6739583333333333 0.07708333333333334 0.08854166666666667
1 0.634375 0.6760416666666667 0.07916666666666666 0.0625
1 0.14479166666666668 0.5927083333333333 0.078125 0.06770833333333333
1 0.2875 0.61875 0.07916666666666666 0.05625
1 0.409375 0.6010416666666667 0.06354166666666666 0.057291666666666664
0 0.246875 0.21458333333333332 0.071875 0.026041666666666668
1 0.09166666666666666 0.540625 0.065625 0.030208333333333334
1 0.27395833333333336 0.571875 0.075 0.058333333333333334
3 0.2 0.6041666666666666 0.08958333333333333 0.06666666666666667
3 0.7583333333333333 0.5416666666666666 0.04791666666666667 0.05520833333333333
3 0.31354166666666666 0.4395833333333333 0.05 0.03125
3 0.834375 0.49166666666666664 0.0375 0.04479166666666667
3 0.45208333333333334 0.6427083333333333 0.08541666666666667 0.075
1 0.509375 0.44583333333333336 0.88125 0.4666666666666667