1 0.9583333333333334 0.5145833333333333 0.07916666666666666 0.084375
1 0.909375 0.4979166666666667 0.06354166666666666 0.08541666666666667
1 0.8677083333333333 0.49895833333333334 0.03125 0.05520833333333333
1 0.8291666666666667 0.49166666666666664 0.027083333333333334 0.03333333333333333
1 0.8114583333333333 0.484375 0.04375 0.0375
1 0.9854166666666667 0.5760416666666667 0.028125 0.09166666666666666
1 0.7729166666666667 0.48854166666666665 0.010416666666666666 0.020833333333333332
1 0.4635416666666667 0.49895833333333334 0.0625 0.036458333333333336
1 0.5614583333333333 0.49270833333333336 0.034375 0.030208333333333334
1 0.85 0.4864583333333333 0.028125 0.03854166666666667
1 0.6666666666666666 0.4895833333333333 0.023958333333333335 0.03333333333333333
1 0.64375 0.49270833333333336 0.019791666666666666 0.027083333333333334