1 0.44895833333333335 0.7010416666666667 0.035416666666666666 0.026041666666666668
1 0.43020833333333336 0.7 0.026041666666666668 0.025
1 0.4166666666666667 0.7 0.015625 0.022916666666666665
1 0.396875 0.7 0.021875 0.020833333333333332
1 0.36875 0.69375 0.028125 0.023958333333333335
1 0.325 0.6958333333333333 0.022916666666666665 0.017708333333333333
1 0.37916666666666665 0.6989583333333333 0.017708333333333333 0.019791666666666666
1 0.23541666666666666 0.696875 0.023958333333333335 0.017708333333333333
1 0.3104166666666667 0.6947916666666667 0.0125 0.013541666666666667
1 0.2677083333333333 0.6927083333333334 0.01875 0.015625
1 0.296875 0.6916666666666667 0.020833333333333332 0.016666666666666666
1 0.4010416666666667 0.6864583333333333 0.017708333333333333 0.011458333333333333