1 0.8114583333333333 0.7375 0.057291666666666664 0.04479166666666667
1 0.3375 0.7510416666666667 0.06145833333333333 0.028125
1 0.4479166666666667 0.7302083333333333 0.035416666666666666 0.015625
3 0.8677083333333333 0.7322916666666667 0.084375 0.05520833333333333
3 0.36666666666666664 0.7270833333333333 0.05520833333333333 0.017708333333333333
3 0.39791666666666664 0.721875 0.03229166666666667 0.014583333333333334
3 0.28958333333333336 0.734375 0.036458333333333336 0.027083333333333334
3 0.5927083333333333 0.78125 0.15104166666666666 0.10520833333333333
3 0.5822916666666667 0.7239583333333334 0.036458333333333336 0.008333333333333333
1 0.425 0.7322916666666667 0.014583333333333334 0.014583333333333334
1 0.39791666666666664 0.7322916666666667 0.03958333333333333 0.01875