1 0.8645833333333334 0.5364583333333334 0.12395833333333334 0.08541666666666667
1 0.20625 0.5020833333333333 0.025 0.020833333333333332
0 0.5552083333333333 0.5677083333333334 0.503125 0.44166666666666665
1 0.2791666666666667 0.49895833333333334 0.01875 0.015625
1 0.14583333333333334 0.5020833333333333 0.017708333333333333 0.023958333333333335
1 0.8885416666666667 0.48333333333333334 0.028125 0.020833333333333332
1 0.24375 0.5010416666666667 0.026041666666666668 0.020833333333333332
1 0.103125 0.5041666666666667 0.020833333333333332 0.020833333333333332
1 0.015625 0.5083333333333333 0.025 0.017708333333333333
1 0.79375 0.4822916666666667 0.014583333333333334 0.015625
1 0.303125 0.5072916666666667 0.013541666666666667 0.014583333333333334