1 0.525 0.6052083333333333 0.09895833333333333 0.14270833333333333
1 0.9020833333333333 0.7541666666666667 0.19166666666666668 0.45
2 0.6458333333333334 0.7375 0.12916666666666668 0.2833333333333333
2 0.0375 0.640625 0.057291666666666664 0.06354166666666666
2 0.54375 0.6427083333333333 0.058333333333333334 0.07395833333333333
2 0.5770833333333333 0.6291666666666667 0.040625 0.121875
2 0.8177083333333334 0.73125 0.058333333333333334 0.2125
1 0.030208333333333334 0.60625 0.059375 0.07083333333333333
1 0.11458333333333333 0.5645833333333333 0.08125 0.04375
1 0.5833333333333334 0.5520833333333334 0.06041666666666667 0.04375
3 0.184375 0.628125 0.240625 0.18333333333333332
1 0.7677083333333333 0.5583333333333333 0.04791666666666667 0.017708333333333333