1 0.753125 0.7604166666666666 0.06666666666666667 0.06041666666666667
1 0.6791666666666667 0.7666666666666667 0.046875 0.051041666666666666
1 0.6020833333333333 0.7635416666666667 0.08125 0.07291666666666667
1 0.5427083333333333 0.7708333333333334 0.057291666666666664 0.052083333333333336
1 0.7822916666666667 0.7552083333333334 0.053125 0.06666666666666667
1 0.8177083333333334 0.75625 0.028125 0.052083333333333336
1 0.8427083333333333 0.7572916666666667 0.026041666666666668 0.03854166666666667
1 0.9802083333333333 0.8947916666666667 0.035416666666666666 0.20625
1 0.9135416666666667 0.75 0.022916666666666665 0.020833333333333332
1 0.7125 0.75625 0.04479166666666667 0.05416666666666667
1 0.859375 0.7520833333333333 0.034375 0.03854166666666667
1 0.896875 0.7510416666666667 0.01875 0.028125