2 0.0875 0.7614583333333333 0.12395833333333334 0.32708333333333334
2 0.17708333333333334 0.7458333333333333 0.13229166666666667 0.30833333333333335
2 0.26145833333333335 0.7395833333333334 0.07604166666666666 0.27708333333333335
2 0.3958333333333333 0.7447916666666666 0.21041666666666667 0.221875
2 0.5354166666666667 0.7083333333333334 0.09375 0.240625
2 0.5989583333333334 0.7072916666666667 0.06770833333333333 0.21458333333333332
2 0.7197916666666667 0.690625 0.09375 0.2
2 0.65625 0.69375 0.12916666666666668 0.22291666666666668
2 0.915625 0.671875 0.08333333333333333 0.17604166666666668
2 0.946875 0.68125 0.04375 0.10625
2 0.96875 0.6520833333333333 0.06145833333333333 0.084375
2 0.4875 0.7010416666666667 0.08854166666666667 0.23125
2 0.76875 0.6875 0.109375 0.19895833333333332
2 0.6229166666666667 0.6822916666666666 0.571875 0.2708333333333333