1 0.6489583333333333 0.5239583333333333 0.057291666666666664 0.014583333333333334
1 0.7979166666666667 0.5052083333333334 0.04583333333333333 0.013541666666666667
1 0.6833333333333333 0.5125 0.028125 0.008333333333333333
1 0.7239583333333334 0.5229166666666667 0.05625 0.013541666666666667
1 0.74375 0.5197916666666667 0.04791666666666667 0.011458333333333333
1 0.7104166666666667 0.5104166666666666 0.025 0.0125
1 0.85625 0.521875 0.051041666666666666 0.0125
1 0.5510416666666667 0.5125 0.040625 0.009375
1 0.5822916666666667 0.5229166666666667 0.051041666666666666 0.010416666666666666
1 0.5239583333333333 0.515625 0.027083333333333334 0.009375
1 0.5541666666666667 0.5270833333333333 0.052083333333333336 0.008333333333333333
1 0.7958333333333333 0.5239583333333333 0.053125 0.015625
1 0.68125 0.5083333333333333 0.035416666666666666 0.007291666666666667
1 0.5864583333333333 0.51875 0.821875 0.046875