1 0.5083333333333333 0.5770833333333333 0.05625 0.05
1 0.60625 0.5802083333333333 0.04895833333333333 0.08645833333333333
1 0.7395833333333334 0.5875 0.051041666666666666 0.08020833333333334
3 0.796875 0.5729166666666666 0.06875 0.1125
1 0.9489583333333333 0.5791666666666667 0.1 0.13020833333333334
1 0.84375 0.5875 0.07604166666666666 0.09166666666666666
1 0.9916666666666667 0.59375 0.0125 0.10416666666666667
1 0.15104166666666666 0.55 0.025 0.036458333333333336
1 0.28541666666666665 0.5635416666666667 0.022916666666666665 0.025
3 0.3770833333333333 0.5322916666666667 0.11875 0.115625
1 0.25416666666666665 0.578125 0.01875 0.03333333333333333
1 0.27395833333333336 0.575 0.015625 0.026041666666666668