1 0.26666666666666666 0.7583333333333333 0.4427083333333333 0.2916666666666667
1 0.446875 0.7541666666666667 0.24270833333333333 0.22708333333333333
1 0.49166666666666664 0.7583333333333333 0.29791666666666666 0.246875
1 0.7614583333333333 0.7666666666666667 0.32083333333333336 0.21145833333333333
1 0.55625 0.7614583333333333 0.278125 0.234375
1 0.625 0.7625 0.24583333333333332 0.22604166666666667
1 0.63125 0.640625 0.19583333333333333 0.058333333333333334
2 0.4083333333333333 0.3260416666666667 0.12708333333333333 0.28020833333333334
3 0.4479166666666667 0.603125 0.14791666666666667 0.08645833333333333
1 0.5791666666666667 0.47291666666666665 0.20625 0.09791666666666667
3 0.415625 0.4739583333333333 0.10520833333333333 0.07604166666666666