1 0.6947916666666667 0.7697916666666667 0.15 0.08125
1 0.6072916666666667 0.7552083333333334 0.036458333333333336 0.046875
3 0.36770833333333336 0.6916666666666667 0.140625 0.20625
1 0.7010416666666667 0.6447916666666667 0.013541666666666667 0.015625
1 0.15 0.7666666666666667 0.06041666666666667 0.05
1 0.2 0.765625 0.04791666666666667 0.05
1 0.284375 0.7552083333333334 0.04895833333333333 0.0625
1 0.4947916666666667 0.696875 0.05 0.035416666666666666
1 0.6864583333333333 0.6979166666666666 0.021875 0.028125
1 0.759375 0.6864583333333333 0.025 0.030208333333333334
1 0.078125 0.765625 0.04895833333333333 0.03333333333333333
1 0.621875 0.7229166666666667 0.030208333333333334 0.029166666666666667