1 0.234375 0.49375 0.3072916666666667 0.17395833333333333
1 0.4427083333333333 0.46979166666666666 0.1 0.10625
1 0.21875 0.36770833333333336 0.04583333333333333 0.030208333333333334
1 0.10208333333333333 0.3625 0.03333333333333333 0.028125
1 0.078125 0.3625 0.026041666666666668 0.022916666666666665
1 0.051041666666666666 0.36041666666666666 0.03333333333333333 0.022916666666666665
1 0.016666666666666666 0.521875 0.03333333333333333 0.103125
1 0.17395833333333333 0.36666666666666664 0.036458333333333336 0.023958333333333335
1 0.40729166666666666 0.375 0.07291666666666667 0.0375
1 0.33645833333333336 0.37083333333333335 0.06041666666666667 0.03958333333333333
1 0.1375 0.36666666666666664 0.028125 0.025
0 0.825 0.396875 0.346875 0.29791666666666666