1 0.8427083333333333 0.740625 0.159375 0.04583333333333333
1 0.9447916666666667 0.7489583333333333 0.10625 0.058333333333333334
1 0.6833333333333333 0.7333333333333333 0.10104166666666667 0.03125
1 0.775 0.7364583333333333 0.08958333333333333 0.029166666666666667
1 0.5291666666666667 0.7979166666666667 0.265625 0.15625
1 0.659375 0.725 0.06770833333333333 0.021875
1 0.3645833333333333 0.7614583333333333 0.090625 0.06875
1 0.3260416666666667 0.709375 0.03125 0.010416666666666666
1 0.35 0.7083333333333334 0.028125 0.015625
1 0.728125 0.7364583333333333 0.11875 0.03333333333333333
1 0.8979166666666667 0.75 0.13854166666666667 0.042708333333333334
1 0.40625 0.7125 0.03854166666666667 0.016666666666666666