1 0.7572916666666667 0.19583333333333333 0.046875 0.057291666666666664
2 0.709375 0.2604166666666667 0.2125 0.06875
3 0.959375 0.13125 0.07708333333333334 0.115625
1 0.8635416666666667 0.19479166666666667 0.15625 0.13541666666666666
2 0.6197916666666666 0.384375 0.44375 0.16875
2 0.80625 0.378125 0.15 0.109375
2 0.771875 0.3177083333333333 0.15416666666666667 0.07916666666666666
2 0.8416666666666667 0.3229166666666667 0.042708333333333334 0.06041666666666667
2 0.721875 0.24375 0.13645833333333332 0.019791666666666666
2 0.7635416666666667 0.240625 0.19375 0.08333333333333333
2 0.546875 0.4666666666666667 0.640625 0.296875
2 0.48020833333333335 0.7510416666666667 0.9604166666666667 0.46041666666666664
2 0.7302083333333333 0.28229166666666666 0.21875 0.051041666666666666
2 0.5447916666666667 0.353125 0.13541666666666666 0.040625
2 0.6614583333333334 0.24270833333333333 0.08020833333333334 0.03958333333333333
2 0.5791666666666667 0.459375 0.6916666666666667 0.63125