1 0.690625 0.5635416666666667 0.55625 0.5
2 0.28958333333333336 0.40208333333333335 0.0875 0.171875
2 0.39166666666666666 0.4479166666666667 0.15208333333333332 0.14791666666666667
2 0.33645833333333336 0.35833333333333334 0.17708333333333334 0.19583333333333333
2 0.21979166666666666 0.36770833333333336 0.053125 0.07604166666666666
2 0.19375 0.35520833333333335 0.08020833333333334 0.06979166666666667
2 0.228125 0.3020833333333333 0.1125 0.071875
2 0.17083333333333334 0.31145833333333334 0.06354166666666666 0.078125
2 0.39375 0.484375 0.1125 0.15833333333333333
2 0.15416666666666667 0.29791666666666666 0.059375 0.0875
2 0.23854166666666668 0.39375 0.053125 0.08020833333333334