1 0.59375 0.7854166666666667 0.11145833333333334 0.0625
1 0.6791666666666667 0.7864583333333334 0.09479166666666666 0.05416666666666667
1 0.12395833333333334 0.7760416666666666 0.07083333333333333 0.04895833333333333
1 0.86875 0.7729166666666667 0.036458333333333336 0.036458333333333336
1 0.9072916666666667 0.7697916666666667 0.036458333333333336 0.034375
1 0.27708333333333335 0.7760416666666666 0.07083333333333333 0.035416666666666666
3 0.19375 0.7572916666666667 0.09479166666666666 0.08333333333333333
1 0.7604166666666666 0.7822916666666667 0.07708333333333334 0.05
1 0.8229166666666666 0.7729166666666667 0.05520833333333333 0.05625
1 0.3489583333333333 0.7802083333333333 0.029166666666666667 0.028125
1 0.06145833333333333 0.7770833333333333 0.04895833333333333 0.03125
3 0.971875 0.7760416666666666 0.05520833333333333 0.065625
3 0.06770833333333333 0.7583333333333333 0.053125 0.035416666666666666
1 0.95625 0.9010416666666666 0.08645833333333333 0.15104166666666666
1 0.023958333333333335 0.7760416666666666 0.042708333333333334 0.03125