2 0.41458333333333336 0.79375 0.196875 0.4083333333333333
2 0.553125 0.7833333333333333 0.215625 0.42916666666666664
2 0.8979166666666667 0.7458333333333333 0.20208333333333334 0.37916666666666665
2 0.05416666666666667 0.5895833333333333 0.103125 0.14166666666666666
2 0.0625 0.4708333333333333 0.06770833333333333 0.096875
2 0.3697916666666667 0.5489583333333333 0.08854166666666667 0.13958333333333334
2 0.5052083333333334 0.5270833333333333 0.109375 0.18854166666666666
2 0.6083333333333333 0.5458333333333333 0.15729166666666666 0.24375
2 0.703125 0.771875 0.23541666666666666 0.42291666666666666
2 0.678125 0.45 0.084375 0.12395833333333334
2 0.25104166666666666 0.6447916666666667 0.11770833333333333 0.30625
2 0.15416666666666667 0.6135416666666667 0.1375 0.21145833333333333
2 0.09791666666666667 0.7697916666666667 0.19583333333333333 0.45625
2 0.5458333333333333 0.609375 0.90625 0.69375