2 0.47708333333333336 0.7739583333333333 0.2604166666666667 0.37604166666666666
2 0.615625 0.7416666666666667 0.24375 0.23229166666666667
2 0.74375 0.6760416666666667 0.16458333333333333 0.153125
2 0.7666666666666667 0.6333333333333333 0.153125 0.08854166666666667
2 0.696875 0.6916666666666667 0.171875 0.25
2 0.8072916666666666 0.5979166666666667 0.16979166666666667 0.090625
2 0.7947916666666667 0.6395833333333333 0.13958333333333334 0.10104166666666667
2 0.8072916666666666 0.5875 0.13020833333333334 0.034375
2 0.8239583333333333 0.6395833333333333 0.109375 0.065625
2 0.83125 0.5958333333333333 0.13333333333333333 0.07291666666666667
2 0.8552083333333333 0.5927083333333333 0.10833333333333334 0.07291666666666667