1 0.3885416666666667 0.36770833333333336 0.058333333333333334 0.04479166666666667
1 0.53125 0.36666666666666664 0.159375 0.0625
1 0.515625 0.39479166666666665 0.140625 0.08645833333333333
1 0.590625 0.40208333333333335 0.115625 0.10625
1 0.675 0.39166666666666666 0.153125 0.13541666666666666
1 0.7510416666666667 0.4083333333333333 0.209375 0.13854166666666667
1 0.44583333333333336 0.38958333333333334 0.041666666666666664 0.0625
1 0.4375 0.37916666666666665 0.053125 0.04375
1 0.34479166666666666 0.36041666666666666 0.05 0.0375
1 0.5864583333333333 0.3729166666666667 0.08333333333333333 0.03958333333333333
3 0.5322916666666667 0.36666666666666664 0.165625 0.06979166666666667
1 0.16145833333333334 0.42291666666666666 0.035416666666666666 0.057291666666666664
3 0.11458333333333333 0.528125 0.21770833333333334 0.44895833333333335
3 0.8822916666666667 0.38333333333333336 0.23333333333333334 0.2
1 0.46145833333333336 0.3625 0.8354166666666667 0.12083333333333333