1 0.19791666666666666 0.7416666666666667 0.19166666666666668 0.10625
1 0.4 0.7208333333333333 0.175 0.078125
1 0.259375 0.678125 0.096875 0.05416666666666667
1 0.284375 0.6979166666666666 0.09375 0.05520833333333333
1 0.43854166666666666 0.665625 0.103125 0.05416666666666667
1 0.15520833333333334 0.6697916666666667 0.08958333333333333 0.03958333333333333
1 0.9427083333333334 0.7083333333333334 0.11041666666666666 0.17291666666666666
1 0.09375 0.7239583333333334 0.06041666666666667 0.07083333333333333
1 0.26458333333333334 0.6479166666666667 0.05625 0.026041666666666668
1 0.09479166666666666 0.6645833333333333 0.06979166666666667 0.0375
1 0.07291666666666667 0.6489583333333333 0.034375 0.025
1 0.475 0.653125 0.03854166666666667 0.03125