1 0.9197916666666667 0.5802083333333333 0.153125 0.140625
1 0.8052083333333333 0.5625 0.053125 0.08854166666666667
1 0.7385416666666667 0.5572916666666666 0.03854166666666667 0.058333333333333334
2 0.3729166666666667 0.8166666666666667 0.365625 0.33645833333333336
2 0.06979166666666667 0.796875 0.1375 0.21354166666666666
2 0.25625 0.6666666666666666 0.06145833333333333 0.11666666666666667
2 0.5864583333333333 0.7729166666666667 0.2708333333333333 0.26145833333333335
1 0.403125 0.5395833333333333 0.10520833333333333 0.07604166666666666
1 0.45208333333333334 0.559375 0.025 0.035416666666666666
1 0.6510416666666666 0.5447916666666667 0.021875 0.027083333333333334
1 0.1875 0.5114583333333333 0.09375 0.05416666666666667
2 0.19791666666666666 0.8229166666666666 0.059375 0.11354166666666667
2 0.20520833333333333 0.684375 0.07083333333333333 0.18541666666666667