1 0.10729166666666666 0.721875 0.21145833333333333 0.540625
1 0.3260416666666667 0.4395833333333333 0.5041666666666667 0.415625
1 0.7395833333333334 0.271875 0.19270833333333334 0.12916666666666668
1 0.26875 0.22083333333333333 0.153125 0.04583333333333333
1 0.34270833333333334 0.22083333333333333 0.12604166666666666 0.05625
1 0.22604166666666667 0.5354166666666667 0.45208333333333334 0.5541666666666667
1 0.09791666666666667 0.20833333333333334 0.178125 0.05416666666666667
1 0.6708333333333333 0.2864583333333333 0.21770833333333334 0.13645833333333332
1 0.7875 0.12395833333333334 0.04791666666666667 0.030208333333333334
1 0.415625 0.22604166666666667 0.071875 0.05416666666666667
1 0.04583333333333333 0.234375 0.090625 0.06979166666666667