1 0.24583333333333332 0.6729166666666667 0.08020833333333334 0.10729166666666666
1 0.21041666666666667 0.659375 0.06041666666666667 0.09479166666666666
1 0.175 0.65 0.035416666666666666 0.07395833333333333
2 0.26666666666666666 0.7385416666666667 0.046875 0.12916666666666668
2 0.13541666666666666 0.696875 0.020833333333333332 0.053125
2 0.975 0.8104166666666667 0.046875 0.125
3 0.47291666666666665 0.74375 0.36875 0.37604166666666666
1 0.128125 0.6541666666666667 0.05520833333333333 0.08020833333333334
3 0.175 0.6520833333333333 0.036458333333333336 0.07604166666666666
2 0.11770833333333333 0.684375 0.016666666666666666 0.046875
1 0.19375 0.9229166666666667 0.38333333333333336 0.12708333333333333
2 0.15833333333333333 0.640625 0.00625 0.010416666666666666