1 0.6916666666666667 0.5135416666666667 0.04375 0.036458333333333336
1 0.646875 0.5135416666666667 0.04375 0.03229166666666667
1 0.18229166666666666 0.47291666666666665 0.052083333333333336 0.036458333333333336
1 0.26666666666666666 0.484375 0.058333333333333334 0.03333333333333333
1 0.22291666666666668 0.47604166666666664 0.051041666666666666 0.040625
1 0.12916666666666668 0.471875 0.04375 0.027083333333333334
1 0.084375 0.46979166666666666 0.034375 0.026041666666666668
3 0.8177083333333334 0.5416666666666666 0.06458333333333334 0.05416666666666667
1 0.06354166666666666 0.49583333333333335 0.03333333333333333 0.040625
1 0.8583333333333333 0.5322916666666667 0.028125 0.026041666666666668
1 0.053125 0.4635416666666667 0.026041666666666668 0.016666666666666666