3 0.415625 0.5822916666666667 0.046875 0.06875
3 0.33958333333333335 0.5958333333333333 0.075 0.04895833333333333
3 0.115625 0.5479166666666667 0.08541666666666667 0.03958333333333333
3 0.253125 0.5947916666666667 0.053125 0.05
3 0.4864583333333333 0.5885416666666666 0.07604166666666666 0.052083333333333336
3 0.5864583333333333 0.5958333333333333 0.051041666666666666 0.041666666666666664
3 0.7083333333333334 0.59375 0.06458333333333334 0.04479166666666667
3 0.6510416666666666 0.559375 0.08229166666666667 0.041666666666666664
3 0.9708333333333333 0.66875 0.05416666666666667 0.0625
3 0.8947916666666667 0.5510416666666667 0.036458333333333336 0.029166666666666667
3 0.7489583333333333 0.5541666666666667 0.071875 0.04583333333333333
3 0.9625 0.5739583333333333 0.07395833333333333 0.07604166666666666
3 0.06979166666666667 0.48333333333333334 0.040625 0.026041666666666668