1 0.9322916666666666 0.6375 0.13333333333333333 0.09270833333333334
1 0.08020833333333334 0.6197916666666666 0.159375 0.0625
1 0.5041666666666667 0.6145833333333334 0.052083333333333336 0.042708333333333334
2 0.8260416666666667 0.803125 0.17395833333333333 0.24270833333333333
2 0.6375 0.7572916666666667 0.09479166666666666 0.14791666666666667
2 0.37395833333333334 0.6854166666666667 0.03958333333333333 0.051041666666666666
2 0.3 0.6552083333333333 0.04479166666666667 0.078125
2 0.32395833333333335 0.6520833333333333 0.021875 0.053125
2 0.34375 0.628125 0.013541666666666667 0.041666666666666664
2 0.490625 0.7322916666666667 0.046875 0.084375
2 0.425 0.6927083333333334 0.04583333333333333 0.075
1 0.31979166666666664 0.590625 0.0375 0.03229166666666667
1 0.11770833333333333 0.815625 0.23541666666666666 0.3625
2 0.6927083333333334 0.68125 0.065625 0.09791666666666667
2 0.5770833333333333 0.684375 0.05625 0.08333333333333333
2 0.25833333333333336 0.6333333333333333 0.017708333333333333 0.036458333333333336
2 0.53125 0.671875 0.035416666666666666 0.06979166666666667
2 0.23541666666666666 0.6302083333333334 0.03958333333333333 0.035416666666666666