1 0.2875 0.615625 0.24583333333333332 0.35
1 0.5458333333333333 0.5322916666666667 0.16458333333333333 0.24583333333333332
1 0.6510416666666666 0.5104166666666666 0.06979166666666667 0.16875
1 0.4166666666666667 0.5177083333333333 0.10520833333333333 0.115625
1 0.4708333333333333 0.47291666666666665 0.05520833333333333 0.090625
1 0.734375 0.4791666666666667 0.04583333333333333 0.051041666666666666
0 0.384375 0.36354166666666665 0.178125 0.234375
1 0.26979166666666665 0.4354166666666667 0.11145833333333334 0.027083333333333334
0 0.815625 0.4197916666666667 0.07083333333333333 0.18229166666666666
0 0.09583333333333334 0.5020833333333333 0.19166666666666668 0.8645833333333334
0 0.6427083333333333 0.39375 0.084375 0.075