1 0.8416666666666667 0.28541666666666665 0.14583333333333334 0.05520833333333333
1 0.9708333333333333 0.290625 0.057291666666666664 0.0625
1 0.6614583333333334 0.2791666666666667 0.103125 0.052083333333333336
1 0.44375 0.2760416666666667 0.059375 0.036458333333333336
1 0.3645833333333333 0.2708333333333333 0.06458333333333334 0.03958333333333333
1 0.21458333333333332 0.2708333333333333 0.04791666666666667 0.025
1 0.296875 0.271875 0.05625 0.029166666666666667
1 0.12291666666666666 0.271875 0.03333333333333333 0.016666666666666666
1 0.010416666666666666 0.28229166666666666 0.020833333333333332 0.027083333333333334
1 0.5416666666666666 0.27291666666666664 0.08854166666666667 0.05520833333333333
1 0.17708333333333334 0.27291666666666664 0.028125 0.021875
1 0.09375 0.27395833333333336 0.022916666666666665 0.013541666666666667