1 0.4166666666666667 0.7666666666666667 0.09479166666666666 0.16145833333333334
1 0.465625 0.48541666666666666 0.04375 0.06041666666666667
1 0.790625 0.5010416666666667 0.07395833333333333 0.071875
1 0.9177083333333333 0.7625 0.16041666666666668 0.25729166666666664
1 0.5229166666666667 0.37395833333333334 0.025 0.028125
1 0.8947916666666667 0.5791666666666667 0.11666666666666667 0.12291666666666666
1 0.5614583333333333 0.3458333333333333 0.010416666666666666 0.017708333333333333
1 0.74375 0.4583333333333333 0.04895833333333333 0.06458333333333334
1 0.9385416666666667 0.4354166666666667 0.04375 0.075
1 0.665625 0.43125 0.0375 0.04375
1 0.48541666666666666 0.42604166666666665 0.027083333333333334 0.03854166666666667
2 0.65 0.4083333333333333 0.010416666666666666 0.022916666666666665
0 0.5947916666666667 0.3229166666666667 0.029166666666666667 0.03958333333333333
0 0.5666666666666667 0.3145833333333333 0.03333333333333333 0.03333333333333333
3 0.6958333333333333 0.3802083333333333 0.0375 0.06770833333333333
1 0.503125 0.39479166666666665 0.021875 0.034375
2 0.65 0.365625 0.009375 0.022916666666666665
2 0.6375 0.38125 0.011458333333333333 0.020833333333333332
3 0.596875 0.5958333333333333 0.11666666666666667 0.175
3 0.7979166666666667 0.60625 0.12083333333333333 0.13333333333333333
3 0.07083333333333333 0.621875 0.14166666666666666 0.12604166666666666
1 0.540625 0.3625 0.019791666666666666 0.020833333333333332
1 0.5 0.56875 0.996875 0.575