1 0.5385416666666667 0.9083333333333333 0.021875 0.017708333333333333
1 0.5635416666666667 0.9114583333333334 0.022916666666666665 0.011458333333333333
1 0.5895833333333333 0.9135416666666667 0.029166666666666667 0.015625
1 0.24895833333333334 0.88125 0.023958333333333335 0.025
1 0.6479166666666667 0.915625 0.023958333333333335 0.0125
1 0.621875 0.9166666666666666 0.021875 0.0125
1 0.4791666666666667 0.9041666666666667 0.017708333333333333 0.0125
1 0.3645833333333333 0.8947916666666667 0.017708333333333333 0.010416666666666666
1 0.503125 0.90625 0.020833333333333332 0.013541666666666667
1 0.3177083333333333 0.8916666666666667 0.019791666666666666 0.010416666666666666
1 0.21354166666666666 0.884375 0.013541666666666667 0.008333333333333333
1 0.3416666666666667 0.8947916666666667 0.021875 0.010416666666666666
1 0.07291666666666667 0.865625 0.013541666666666667 0.00625
1 0.509375 0.8989583333333333 0.978125 0.09791666666666667