0 0.7270833333333333 0.521875 0.08125 0.030208333333333334
1 0.6697916666666667 0.5302083333333333 0.034375 0.016666666666666666
1 0.5177083333333333 0.5322916666666667 0.036458333333333336 0.01875
1 0.43854166666666666 0.5322916666666667 0.036458333333333336 0.01875
1 0.96875 0.53125 0.04375 0.01875
1 0.90625 0.53125 0.03854166666666667 0.016666666666666666
1 0.609375 0.5291666666666667 0.03333333333333333 0.01875
1 0.3854166666666667 0.5333333333333333 0.03125 0.015625
1 0.078125 0.5260416666666666 0.026041666666666668 0.015625
1 0.809375 0.53125 0.035416666666666666 0.015625
1 0.8541666666666666 0.5270833333333333 0.04583333333333333 0.023958333333333335
1 0.27291666666666664 0.53125 0.022916666666666665 0.01875
1 0.9291666666666667 0.5270833333333333 0.03125 0.019791666666666666
1 0.49375 0.5302083333333333 0.028125 0.021875
1 0.40520833333333334 0.5260416666666666 0.7270833333333333 0.042708333333333334