1 0.49166666666666664 0.784375 0.14270833333333333 0.153125
1 0.403125 0.71875 0.053125 0.05
1 0.5125 0.690625 0.040625 0.027083333333333334
1 0.30625 0.715625 0.05520833333333333 0.05416666666666667
1 0.48333333333333334 0.684375 0.027083333333333334 0.03125
1 0.6614583333333334 0.6760416666666667 0.025 0.022916666666666665
1 0.5645833333333333 0.6947916666666667 0.03333333333333333 0.03333333333333333
1 0.6291666666666667 0.659375 0.0125 0.010416666666666666
2 0.45729166666666665 0.6885416666666667 0.010416666666666666 0.017708333333333333
1 0.4041666666666667 0.6854166666666667 0.040625 0.020833333333333332
1 0.5114583333333333 0.671875 0.028125 0.019791666666666666