3 0.7166666666666667 0.53125 0.08020833333333334 0.06145833333333333
3 0.8479166666666667 0.740625 0.3 0.21354166666666666
3 0.6145833333333334 0.6625 0.0875 0.10208333333333333
3 0.9229166666666667 0.834375 0.15 0.16875
3 0.15625 0.7916666666666666 0.22604166666666667 0.20833333333333334
3 0.30416666666666664 0.7041666666666667 0.13229166666666667 0.09270833333333334
3 0.4197916666666667 0.625 0.13541666666666666 0.06979166666666667
3 0.028125 0.5583333333333333 0.05520833333333333 0.035416666666666666
3 0.13645833333333332 0.528125 0.04375 0.029166666666666667
3 0.06770833333333333 0.8739583333333333 0.13541666666666666 0.20208333333333334
3 0.3489583333333333 0.6614583333333334 0.15208333333333332 0.0875
3 0.23645833333333333 0.7208333333333333 0.20625 0.19895833333333332