0 0.73125 0.41875 0.534375 0.5822916666666667
1 0.08333333333333333 0.5458333333333333 0.08958333333333333 0.11041666666666666
1 0.31666666666666665 0.521875 0.09270833333333334 0.103125
1 0.25729166666666664 0.515625 0.0625 0.07708333333333334
1 0.165625 0.5041666666666667 0.03958333333333333 0.05520833333333333
1 0.14166666666666666 0.4947916666666667 0.030208333333333334 0.046875
1 0.13541666666666666 0.484375 0.026041666666666668 0.042708333333333334
1 0.225 0.5125 0.041666666666666664 0.06041666666666667
1 0.19479166666666667 0.509375 0.03854166666666667 0.053125
1 0.12291666666666666 0.478125 0.022916666666666665 0.034375
1 0.08333333333333333 0.47708333333333336 0.027083333333333334 0.03333333333333333
1 0.103125 0.471875 0.016666666666666666 0.023958333333333335
1 0.090625 0.428125 0.011458333333333333 0.020833333333333332
1 0.07916666666666666 0.41354166666666664 0.008333333333333333 0.013541666666666667
0 0.075 0.42916666666666664 0.015625 0.027083333333333334