1 0.7583333333333333 0.6020833333333333 0.428125 0.290625
1 0.6375 0.46145833333333336 0.0375 0.019791666666666666
1 0.9791666666666666 0.6666666666666666 0.03958333333333333 0.3458333333333333
1 0.8229166666666666 0.478125 0.165625 0.07604166666666666
1 0.5604166666666667 0.48125 0.06041666666666667 0.06354166666666666
1 0.671875 0.45625 0.03229166666666667 0.014583333333333334
1 0.9770833333333333 0.459375 0.0375 0.04895833333333333
1 0.5697916666666667 0.46145833333333336 0.046875 0.04375
1 0.8197916666666667 0.4395833333333333 0.034375 0.010416666666666666
3 0.284375 0.49583333333333335 0.34375 0.253125
3 0.8989583333333333 0.48125 0.13229166666666667 0.11979166666666667