1 0.359375 0.6197916666666666 0.3729166666666667 0.35104166666666664
1 0.5645833333333333 0.46875 0.090625 0.13541666666666666
1 0.11354166666666667 0.6114583333333333 0.22604166666666667 0.29791666666666666
1 0.51875 0.41770833333333335 0.053125 0.07083333333333333
2 0.12604166666666666 0.65625 0.178125 0.28958333333333336
0 0.3416666666666667 0.415625 0.2916666666666667 0.2916666666666667
1 0.496875 0.43125 0.03125 0.06979166666666667
1 0.5916666666666667 0.39375 0.03125 0.011458333333333333
1 0.553125 0.3885416666666667 0.051041666666666666 0.034375
0 0.14375 0.41041666666666665 0.15729166666666666 0.20208333333333334
1 0.5802083333333333 0.3697916666666667 0.015625 0.015625