1 0.8291666666666667 0.3885416666666667 0.12395833333333334 0.08958333333333333
1 0.91875 0.28229166666666666 0.08645833333333333 0.090625
1 0.775 0.15104166666666666 0.0625 0.04791666666666667
1 0.6864583333333333 0.090625 0.059375 0.03958333333333333
1 0.9572916666666667 0.17083333333333334 0.052083333333333336 0.053125
1 0.9302083333333333 0.5072916666666667 0.12916666666666668 0.08958333333333333
1 0.7427083333333333 0.071875 0.04895833333333333 0.0375
1 0.4625 0.06354166666666666 0.052083333333333336 0.03125
1 0.984375 0.184375 0.030208333333333334 0.06145833333333333
1 0.6479166666666667 0.015625 0.04583333333333333 0.026041666666666668
1 0.2625 0.023958333333333335 0.051041666666666666 0.03854166666666667
1 0.3260416666666667 0.03125 0.03854166666666667 0.022916666666666665
1 0.3375 0.20104166666666667 0.041666666666666664 0.03229166666666667
3 0.6604166666666667 0.35 0.10520833333333333 0.07291666666666667
3 0.9854166666666667 0.184375 0.026041666666666668 0.05520833333333333
1 0.5989583333333334 0.19479166666666667 0.7979166666666667 0.38958333333333334