1 0.215625 0.39166666666666666 0.08125 0.021875
1 0.16875 0.33541666666666664 0.06354166666666666 0.020833333333333332
1 0.5541666666666667 0.33958333333333335 0.03333333333333333 0.011458333333333333
1 0.70625 0.29791666666666666 0.03333333333333333 0.010416666666666666
1 0.690625 0.26458333333333334 0.020833333333333332 0.008333333333333333
1 0.7489583333333333 0.325 0.029166666666666667 0.013541666666666667
1 0.653125 0.2604166666666667 0.016666666666666666 0.007291666666666667
1 0.621875 0.25625 0.017708333333333333 0.008333333333333333
1 0.5791666666666667 0.2520833333333333 0.017708333333333333 0.00625
1 0.5947916666666667 0.253125 0.016666666666666666 0.007291666666666667
1 0.7197916666666667 0.26666666666666666 0.01875 0.0125