1 0.08958333333333333 0.8375 0.10625 0.08541666666666667
1 0.9729166666666667 0.8177083333333334 0.052083333333333336 0.09166666666666666
0 0.30416666666666664 0.778125 0.340625 0.28854166666666664
0 0.7083333333333334 0.828125 0.25729166666666664 0.321875
1 0.8864583333333333 0.7666666666666667 0.051041666666666666 0.034375
1 0.8479166666666667 0.7635416666666667 0.03958333333333333 0.030208333333333334
1 0.9083333333333333 0.7427083333333333 0.014583333333333334 0.023958333333333335
1 0.8822916666666667 0.7447916666666666 0.04583333333333333 0.028125
1 0.959375 0.7322916666666667 0.016666666666666666 0.01875
1 0.9416666666666667 0.725 0.021875 0.026041666666666668
1 0.49166666666666664 0.8145833333333333 0.040625 0.059375
3 0.703125 0.8302083333333333 0.25 0.325
3 0.5625 0.796875 0.07291666666666667 0.08020833333333334