1 0.34270833333333334 0.8677083333333333 0.3125 0.25625
1 0.5270833333333333 0.7885416666666667 0.171875 0.20104166666666667
1 0.14270833333333333 0.775 0.20520833333333333 0.18229166666666666
0 0.5885416666666666 0.6822916666666666 0.15729166666666666 0.21041666666666667
1 0.019791666666666666 0.825 0.03125 0.134375
1 0.6708333333333333 0.7458333333333333 0.013541666666666667 0.042708333333333334
1 0.6947916666666667 0.7510416666666667 0.013541666666666667 0.015625
1 0.7177083333333333 0.759375 0.020833333333333332 0.04583333333333333
3 0.7895833333333333 0.8291666666666667 0.18125 0.23125
3 0.3572916666666667 0.7177083333333333 0.09895833333333333 0.052083333333333336
3 0.26875 0.7385416666666667 0.07708333333333334 0.08541666666666667