0 0.8572916666666667 0.7427083333333333 0.175 0.24479166666666666
3 0.5385416666666667 0.7333333333333333 0.13958333333333334 0.23541666666666666
3 0.7197916666666667 0.7541666666666667 0.103125 0.12708333333333333
1 0.290625 0.7416666666666667 0.03229166666666667 0.065625
1 0.31979166666666664 0.753125 0.03229166666666667 0.06145833333333333
1 0.24895833333333334 0.7552083333333334 0.029166666666666667 0.04895833333333333
1 0.440625 0.7729166666666667 0.06458333333333334 0.09895833333333333
1 0.23958333333333334 0.6875 0.011458333333333333 0.022916666666666665
1 0.9739583333333334 0.728125 0.04791666666666667 0.11666666666666667
0 0.4552083333333333 0.703125 0.051041666666666666 0.07916666666666666
0 0.0625 0.7677083333333333 0.12083333333333333 0.19166666666666668
0 0.14479166666666668 0.7458333333333333 0.03125 0.12291666666666666
1 0.171875 0.740625 0.016666666666666666 0.030208333333333334
1 0.240625 0.6447916666666667 0.010416666666666666 0.016666666666666666
1 0.125 0.7489583333333333 0.03125 0.12083333333333333
1 0.21041666666666667 0.765625 0.04479166666666667 0.10208333333333333
1 0.4041666666666667 0.7447916666666666 0.021875 0.04583333333333333
0 0.61875 0.7260416666666667 0.065625 0.13854166666666667
1 0.36875 0.75625 0.059375 0.10416666666666667
1 0.5145833333333333 0.7385416666666667 0.865625 0.25416666666666665