1 0.9583333333333334 0.7166666666666667 0.08020833333333334 0.140625
1 0.8135416666666667 0.0875 0.0625 0.05625
1 0.9875 0.075 0.019791666666666666 0.04791666666666667
0 0.44583333333333336 0.4625 0.6135416666666667 0.3302083333333333
3 0.5364583333333334 0.10520833333333333 0.22604166666666667 0.17291666666666666
3 0.715625 0.06041666666666667 0.096875 0.12083333333333333
3 0.33645833333333336 0.10104166666666667 0.21666666666666667 0.196875
3 0.21770833333333334 0.11666666666666667 0.18645833333333334 0.17291666666666666
3 0.030208333333333334 0.15416666666666667 0.05416666666666667 0.18125
3 0.07916666666666666 0.13020833333333334 0.15833333333333333 0.18958333333333333
1 0.6427083333333333 0.090625 0.040625 0.058333333333333334
1 0.15104166666666666 0.5 0.027083333333333334 0.07395833333333333