1 0.403125 0.17395833333333333 0.05 0.05
1 0.403125 0.146875 0.03958333333333333 0.03229166666666667
1 0.6916666666666667 0.184375 0.04583333333333333 0.046875
1 0.3375 0.12604166666666666 0.023958333333333335 0.022916666666666665
2 0.88125 0.6625 0.21145833333333333 0.42083333333333334
3 0.8635416666666667 0.19791666666666666 0.05 0.04791666666666667
1 0.11145833333333334 0.33541666666666664 0.13541666666666666 0.07604166666666666
2 0.6583333333333333 0.6645833333333333 0.18541666666666667 0.42291666666666666
2 0.771875 0.6416666666666667 0.10104166666666667 0.390625
2 0.49166666666666664 0.65 0.09583333333333334 0.2989583333333333
2 0.4322916666666667 0.5645833333333333 0.05520833333333333 0.16041666666666668
2 0.32083333333333336 0.6145833333333334 0.11875 0.30833333333333335
2 0.4041666666666667 0.6427083333333333 0.08229166666666667 0.278125
2 0.14375 0.6197916666666666 0.13333333333333333 0.228125
2 0.25833333333333336 0.6104166666666667 0.05625 0.20208333333333334
2 0.052083333333333336 0.5864583333333333 0.08645833333333333 0.23333333333333334
2 0.21354166666666666 0.5854166666666667 0.06041666666666667 0.23020833333333332
2 0.026041666666666668 0.6447916666666667 0.030208333333333334 0.10104166666666667
2 0.5708333333333333 0.6916666666666667 0.08229166666666667 0.2833333333333333