1 0.6291666666666667 0.9739583333333334 0.03333333333333333 0.014583333333333334
1 0.4552083333333333 0.9822916666666667 0.028125 0.010416666666666666
1 0.9822916666666667 0.9541666666666667 0.03229166666666667 0.016666666666666666
1 0.5572916666666666 0.978125 0.027083333333333334 0.010416666666666666
1 0.7854166666666667 0.9645833333333333 0.03333333333333333 0.013541666666666667
1 0.8239583333333333 0.9614583333333333 0.030208333333333334 0.016666666666666666
1 0.7072916666666667 0.96875 0.019791666666666666 0.015625
1 0.59375 0.971875 0.035416666666666666 0.015625
1 0.740625 0.9677083333333333 0.035416666666666666 0.0125
1 0.9479166666666666 0.95625 0.0375 0.015625
1 0.8833333333333333 0.9572916666666667 0.036458333333333336 0.01875
1 0.421875 0.984375 0.023958333333333335 0.010416666666666666
1 0.44479166666666664 0.98125 0.023958333333333335 0.016666666666666666