1 0.12083333333333333 0.21666666666666667 0.23854166666666668 0.165625
1 0.503125 0.19166666666666668 0.2 0.10208333333333333
1 0.21145833333333333 0.11041666666666666 0.1625 0.09791666666666667
1 0.909375 0.06979166666666667 0.08854166666666667 0.0625
1 0.690625 0.08541666666666667 0.109375 0.08541666666666667
3 0.5520833333333334 0.07916666666666666 0.17395833333333333 0.128125
3 0.21041666666666667 0.11145833333333334 0.16458333333333333 0.09583333333333334
1 0.6895833333333333 0.19791666666666666 0.14166666666666666 0.06875
1 0.8708333333333333 0.171875 0.17083333333333334 0.11875
1 0.046875 0.030208333333333334 0.09166666666666666 0.059375
1 0.3104166666666667 0.034375 0.12916666666666668 0.06875
2 0.571875 0.6052083333333333 0.15833333333333333 0.21875
1 0.734375 0.14791666666666667 0.13645833333333332 0.1
2 0.8666666666666667 0.271875 0.08333333333333333 0.103125
2 0.32083333333333336 0.5958333333333333 0.134375 0.20208333333333334
2 0.3927083333333333 0.5020833333333333 0.075 0.19895833333333332
2 0.103125 0.5760416666666667 0.09895833333333333 0.17708333333333334
2 0.203125 0.465625 0.09895833333333333 0.196875
2 0.07916666666666666 0.403125 0.109375 0.171875
2 0.259375 0.3885416666666667 0.06770833333333333 0.14166666666666666
2 0.353125 0.36875 0.0875 0.14479166666666668
2 0.8458333333333333 0.784375 0.23541666666666666 0.2635416666666667
2 0.8145833333333333 0.96875 0.12083333333333333 0.058333333333333334
2 0.9802083333333333 0.95 0.035416666666666666 0.09583333333333334
3 0.8708333333333333 0.159375 0.16770833333333332 0.10625
1 0.271875 0.01875 0.10833333333333334 0.0375
1 0.41458333333333336 0.025 0.08645833333333333 0.04895833333333333
2 0.4666666666666667 0.3614583333333333 0.08229166666666667 0.11041666666666666
3 0.740625 0.15 0.14583333333333334 0.09791666666666667
2 0.6145833333333334 0.2989583333333333 0.6833333333333333 0.22708333333333333