1 0.671875 0.271875 0.1 0.05416666666666667
1 0.225 0.284375 0.090625 0.05625
1 0.31979166666666664 0.2833333333333333 0.08333333333333333 0.05416666666666667
1 0.38645833333333335 0.28020833333333334 0.08645833333333333 0.052083333333333336
1 0.4583333333333333 0.278125 0.08958333333333333 0.058333333333333334
1 0.525 0.278125 0.08958333333333333 0.053125
1 0.5947916666666667 0.2760416666666667 0.08333333333333333 0.05
1 0.8125 0.2708333333333333 0.08958333333333333 0.052083333333333336
1 0.7427083333333333 0.2677083333333333 0.09791666666666667 0.06145833333333333
1 0.15208333333333332 0.2875 0.08854166666666667 0.057291666666666664
1 0.21041666666666667 0.25416666666666665 0.03958333333333333 0.013541666666666667
1 0.16770833333333332 0.259375 0.04791666666666667 0.028125
1 0.9489583333333333 0.271875 0.08541666666666667 0.04583333333333333
3 0.06354166666666666 0.28541666666666665 0.10208333333333333 0.06770833333333333
3 0.03333333333333333 0.26458333333333334 0.065625 0.058333333333333334
3 0.884375 0.26875 0.09375 0.059375