1 0.9177083333333333 0.7885416666666667 0.12291666666666666 0.078125
1 0.834375 0.778125 0.09791666666666667 0.08333333333333333
1 0.740625 0.7802083333333333 0.06666666666666667 0.059375
1 0.296875 0.7979166666666667 0.06458333333333334 0.071875
1 0.6 0.7739583333333333 0.04583333333333333 0.04895833333333333
1 0.5614583333333333 0.771875 0.030208333333333334 0.03854166666666667
1 0.5229166666666667 0.7697916666666667 0.026041666666666668 0.029166666666666667
1 0.984375 0.80625 0.028125 0.078125
1 0.4197916666666667 0.7604166666666666 0.021875 0.020833333333333332
1 0.45 0.7635416666666667 0.021875 0.017708333333333333
1 0.34479166666666666 0.7625 0.010416666666666666 0.011458333333333333
1 0.35520833333333335 0.7625 0.013541666666666667 0.014583333333333334
1 0.29583333333333334 0.76875 0.06458333333333334 0.03958333333333333
3 0.63125 0.7614583333333333 0.06666666666666667 0.075
1 0.5229166666666667 0.7614583333333333 0.32916666666666666 0.05416666666666667