1 0.40208333333333335 0.5989583333333334 0.075 0.057291666666666664
1 0.29791666666666666 0.59375 0.09583333333333334 0.0625
1 0.23645833333333333 0.578125 0.06354166666666666 0.05416666666666667
1 0.390625 0.54375 0.06041666666666667 0.053125
1 0.078125 0.584375 0.12083333333333333 0.12083333333333333
1 0.44895833333333335 0.5541666666666667 0.06354166666666666 0.046875
1 0.45625 0.5333333333333333 0.052083333333333336 0.035416666666666666
1 0.34375 0.653125 0.090625 0.041666666666666664
3 0.4041666666666667 0.8291666666666667 0.4083333333333333 0.3145833333333333
3 0.478125 0.509375 0.05 0.0375
1 0.5197916666666667 0.53125 0.041666666666666664 0.05416666666666667
1 0.007291666666666667 0.6895833333333333 0.014583333333333334 0.06875
1 0.30625 0.7760416666666666 0.609375 0.44375