2 0.48020833333333335 0.8489583333333334 0.9604166666666667 0.29791666666666666
1 0.490625 0.440625 0.059375 0.04583333333333333
2 0.4197916666666667 0.790625 0.7229166666666667 0.41458333333333336
2 0.48854166666666665 0.6583333333333333 0.44583333333333336 0.23645833333333333
2 0.5020833333333333 0.56875 0.24375 0.13645833333333332
2 0.9427083333333334 0.48541666666666666 0.058333333333333334 0.059375
2 0.49583333333333335 0.5385416666666667 0.1875 0.04895833333333333
2 0.5125 0.5885416666666666 0.23020833333333332 0.12083333333333333
2 0.8385416666666666 0.47604166666666664 0.029166666666666667 0.041666666666666664
2 0.5291666666666667 0.484375 0.10833333333333334 0.07083333333333333
2 0.9770833333333333 0.48020833333333335 0.041666666666666664 0.07916666666666666
2 0.5458333333333333 0.46979166666666666 0.078125 0.058333333333333334
2 0.6395833333333333 0.5125 0.10416666666666667 0.14791666666666667
2 0.671875 0.49166666666666664 0.50625 0.10729166666666666