1 0.4375 0.56875 0.051041666666666666 0.06354166666666666
2 0.859375 0.6302083333333334 0.07395833333333333 0.13020833333333334
2 0.6197916666666666 0.59375 0.05 0.078125
1 0.5135416666666667 0.5708333333333333 0.042708333333333334 0.058333333333333334
1 0.490625 0.553125 0.01875 0.023958333333333335
1 0.4666666666666667 0.5520833333333334 0.01875 0.01875
2 0.5375 0.5854166666666667 0.01875 0.04791666666666667
3 0.578125 0.571875 0.06666666666666667 0.09791666666666667
1 0.490625 0.5333333333333333 0.0125 0.00625
2 0.32916666666666666 0.5666666666666667 0.01875 0.04479166666666667
2 0.18333333333333332 0.8520833333333333 0.36666666666666664 0.2916666666666667
2 0.6739583333333333 0.628125 0.05 0.10104166666666667