2 0.215625 0.6510416666666666 0.18020833333333333 0.3
2 0.7958333333333333 0.7302083333333333 0.4041666666666667 0.5354166666666667
2 0.6770833333333334 0.6052083333333333 0.19375 0.27291666666666664
2 0.6510416666666666 0.5677083333333334 0.16354166666666667 0.2375
2 0.109375 0.44895833333333335 0.030208333333333334 0.08229166666666667
2 0.13125 0.453125 0.041666666666666664 0.06770833333333333
2 0.540625 0.48333333333333334 0.01875 0.040625
2 0.5916666666666667 0.51875 0.03125 0.07395833333333333
2 0.07291666666666667 0.45625 0.059375 0.07604166666666666
2 0.029166666666666667 0.4666666666666667 0.0375 0.051041666666666666
2 0.5875 0.5729166666666666 0.03854166666666667 0.052083333333333336
2 0.49270833333333336 0.4822916666666667 0.0125 0.03125
2 0.41041666666666665 0.465625 0.05416666666666667 0.05416666666666667