1 0.603125 0.7270833333333333 0.034375 0.03333333333333333
1 0.26979166666666665 0.728125 0.019791666666666666 0.017708333333333333
3 0.66875 0.7010416666666667 0.051041666666666666 0.09166666666666666
3 0.7302083333333333 0.653125 0.06979166666666667 0.17291666666666666
1 0.28854166666666664 0.725 0.015625 0.013541666666666667
3 0.6364583333333333 0.7083333333333334 0.020833333333333332 0.04375
3 0.6135416666666667 0.7145833333333333 0.021875 0.03333333333333333
3 0.39375 0.7166666666666667 0.027083333333333334 0.03125
3 0.184375 0.7104166666666667 0.071875 0.05625
3 0.7125 0.73125 0.13333333333333333 0.41041666666666665
3 0.44375 0.7177083333333333 0.029166666666666667 0.027083333333333334
1 0.478125 0.721875 0.007291666666666667 0.007291666666666667