1 0.2708333333333333 0.128125 0.11458333333333333 0.08541666666666667
1 0.9322916666666666 0.11875 0.057291666666666664 0.010416666666666666
1 0.725 0.11666666666666667 0.07083333333333333 0.03229166666666667
1 0.20208333333333334 0.10729166666666666 0.09583333333333334 0.06354166666666666
1 0.384375 0.11875 0.05625 0.042708333333333334
1 0.9708333333333333 0.15416666666666667 0.05625 0.05416666666666667
1 0.4979166666666667 0.12291666666666666 0.08333333333333333 0.04895833333333333
1 0.625 0.134375 0.19375 0.08229166666666667
1 0.778125 0.134375 0.13645833333333332 0.06458333333333334
1 0.9302083333333333 0.11354166666666667 0.07291666666666667 0.020833333333333332
3 0.051041666666666666 0.08125 0.10208333333333333 0.121875
1 0.90625 0.13020833333333334 0.05520833333333333 0.06041666666666667