0 0.39166666666666666 0.496875 0.029166666666666667 0.03125
1 0.17708333333333334 0.553125 0.06041666666666667 0.078125
1 0.32083333333333336 0.5166666666666667 0.021875 0.025
1 0.37604166666666666 0.521875 0.036458333333333336 0.03125
1 0.07395833333333333 0.578125 0.12708333333333333 0.0875
1 0.3458333333333333 0.5010416666666667 0.03958333333333333 0.015625
1 0.4239583333333333 0.5260416666666666 0.023958333333333335 0.028125
1 0.35 0.5135416666666667 0.025 0.03229166666666667
1 0.515625 0.5395833333333333 0.029166666666666667 0.035416666666666666
1 0.45625 0.5020833333333333 0.025 0.0125
1 0.5166666666666667 0.5052083333333334 0.023958333333333335 0.03333333333333333
1 0.11770833333333333 0.5395833333333333 0.06770833333333333 0.059375
1 0.22916666666666666 0.5458333333333333 0.04479166666666667 0.05625
1 0.30104166666666665 0.5385416666666667 0.04375 0.041666666666666664
1 0.36041666666666666 0.5229166666666667 0.715625 0.1125