1 0.8572916666666667 0.37083333333333335 0.022916666666666665 0.014583333333333334
1 0.7979166666666667 0.3729166666666667 0.021875 0.010416666666666666
1 0.8270833333333333 0.3729166666666667 0.027083333333333334 0.013541666666666667
1 0.653125 0.378125 0.019791666666666666 0.007291666666666667
1 0.9677083333333333 0.37083333333333335 0.020833333333333332 0.010416666666666666
1 0.8875 0.3697916666666667 0.022916666666666665 0.013541666666666667
1 0.740625 0.375 0.019791666666666666 0.010416666666666666
1 0.9135416666666667 0.37083333333333335 0.01875 0.008333333333333333
1 0.6802083333333333 0.37604166666666666 0.019791666666666666 0.010416666666666666
1 0.7604166666666666 0.375 0.023958333333333335 0.007291666666666667
1 0.6260416666666667 0.378125 0.019791666666666666 0.010416666666666666