1 0.078125 0.4 0.128125 0.11770833333333333
3 0.0625 0.18958333333333333 0.125 0.16458333333333333
2 0.45729166666666665 0.521875 0.026041666666666668 0.06979166666666667
2 0.18125 0.5520833333333334 0.075 0.06041666666666667
2 0.25625 0.5697916666666667 0.05520833333333333 0.052083333333333336
2 0.9364583333333333 0.45729166666666665 0.06458333333333334 0.075
2 0.7760416666666666 0.428125 0.06458333333333334 0.06979166666666667
2 0.38229166666666664 0.42291666666666666 0.052083333333333336 0.05416666666666667
2 0.21770833333333334 0.5197916666666667 0.04375 0.06354166666666666
2 0.5729166666666666 0.40208333333333335 0.057291666666666664 0.06041666666666667
2 0.109375 0.4822916666666667 0.07916666666666666 0.06458333333333334
2 0.6520833333333333 0.41041666666666665 0.075 0.0625
2 0.8666666666666667 0.7458333333333333 0.029166666666666667 0.051041666666666666
1 0.7208333333333333 0.7645833333333333 0.25625 0.246875
2 0.38958333333333334 0.5552083333333333 0.042708333333333334 0.06666666666666667
0 0.5739583333333333 0.6697916666666667 0.20208333333333334 0.19166666666666668
3 0.321875 0.14895833333333333 0.17395833333333333 0.11145833333333334
2 0.871875 0.3333333333333333 0.15 0.07916666666666666