1 0.5958333333333333 0.5 0.03854166666666667 0.042708333333333334
1 0.9791666666666666 0.6260416666666667 0.03958333333333333 0.20833333333333334
1 0.6291666666666667 0.471875 0.015625 0.025
1 0.6427083333333333 0.4864583333333333 0.027083333333333334 0.034375
1 0.5875 0.453125 0.009375 0.0125
1 0.596875 0.475 0.025 0.016666666666666666
1 0.6135416666666667 0.446875 0.009375 0.010416666666666666
1 0.5458333333333333 0.6333333333333333 0.03229166666666667 0.14270833333333333
0 0.7020833333333333 0.4510416666666667 0.09479166666666666 0.146875
1 0.5979166666666667 0.44583333333333336 0.010416666666666666 0.009375
1 0.625 0.46145833333333336 0.011458333333333333 0.01875