1 0.21666666666666667 0.5822916666666667 0.036458333333333336 0.030208333333333334
1 0.953125 0.7125 0.09270833333333334 0.14375
1 0.6770833333333334 0.578125 0.06875 0.04375
1 0.17708333333333334 0.5677083333333334 0.023958333333333335 0.028125
1 0.859375 0.5572916666666666 0.03958333333333333 0.022916666666666665
1 0.53125 0.5635416666666667 0.041666666666666664 0.014583333333333334
1 0.6270833333333333 0.5645833333333333 0.03333333333333333 0.017708333333333333
3 0.7479166666666667 0.5614583333333333 0.096875 0.046875
3 0.39166666666666666 0.584375 0.12604166666666666 0.08229166666666667
3 0.6760416666666667 0.578125 0.07083333333333333 0.041666666666666664
1 0.16458333333333333 0.5604166666666667 0.01875 0.025
1 0.9739583333333334 0.5541666666666667 0.01875 0.0125
1 0.3020833333333333 0.5645833333333333 0.021875 0.011458333333333333
1 0.01875 0.625 0.029166666666666667 0.042708333333333334
1 0.134375 0.56875 0.023958333333333335 0.030208333333333334
1 0.6020833333333333 0.5645833333333333 0.79375 0.05416666666666667