1 0.23125 0.8239583333333333 0.10729166666666666 0.15729166666666666
1 0.13125 0.84375 0.159375 0.17291666666666666
1 0.603125 0.828125 0.022916666666666665 0.036458333333333336
1 0.8114583333333333 0.8395833333333333 0.051041666666666666 0.071875
1 0.7802083333333333 0.8395833333333333 0.028125 0.06770833333333333
1 0.715625 0.83125 0.019791666666666666 0.03958333333333333
1 0.7333333333333333 0.8364583333333333 0.03229166666666667 0.03854166666666667
1 0.47291666666666665 0.834375 0.022916666666666665 0.03229166666666667
1 0.853125 0.8322916666666667 0.051041666666666666 0.11666666666666667
1 0.753125 0.8364583333333333 0.015625 0.05520833333333333
1 0.03333333333333333 0.834375 0.06354166666666666 0.19270833333333334
3 0.9291666666666667 0.825 0.13229166666666667 0.17708333333333334
3 0.09375 0.7791666666666667 0.07708333333333334 0.05520833333333333
3 0.54375 0.8291666666666667 0.016666666666666666 0.022916666666666665
1 0.6833333333333333 0.8354166666666667 0.029166666666666667 0.0375
1 0.7333333333333333 0.8197916666666667 0.5291666666666667 0.209375