1 0.29375 0.7 0.203125 0.18229166666666666
1 0.5802083333333333 0.69375 0.1375 0.14166666666666666
1 0.43020833333333336 0.6520833333333333 0.11354166666666667 0.09479166666666666
0 0.7697916666666667 0.5677083333333334 0.29270833333333335 0.17708333333333334
0 0.334375 0.5614583333333333 0.18958333333333333 0.08645833333333333
3 0.4979166666666667 0.5614583333333333 0.13541666666666666 0.15729166666666666
1 0.17291666666666666 0.65625 0.14791666666666667 0.12604166666666666
1 0.034375 0.6604166666666667 0.06666666666666667 0.1125
3 0.8052083333333333 0.7333333333333333 0.18645833333333334 0.32083333333333336
3 0.1 0.6166666666666667 0.12916666666666668 0.10104166666666667
1 0.10104166666666667 0.6166666666666667 0.134375 0.10416666666666667