1 0.5239583333333333 0.7208333333333333 0.28125 0.08125
1 0.7364583333333333 0.6916666666666667 0.10729166666666666 0.03854166666666667
1 0.8395833333333333 0.696875 0.096875 0.040625
1 0.5239583333333333 0.684375 0.0625 0.03229166666666667
1 0.590625 0.675 0.03333333333333333 0.01875
1 0.6447916666666667 0.6885416666666667 0.03229166666666667 0.027083333333333334
3 0.20729166666666668 0.6864583333333333 0.40625 0.165625
1 0.603125 0.66875 0.016666666666666666 0.010416666666666666
1 0.9854166666666667 0.6895833333333333 0.023958333333333335 0.016666666666666666
0 0.475 0.6583333333333333 0.03333333333333333 0.025
0 0.34375 0.6604166666666667 0.11666666666666667 0.05520833333333333
1 0.9010416666666666 0.709375 0.08541666666666667 0.053125
1 0.5375 0.6583333333333333 0.021875 0.009375
0 0.440625 0.6604166666666667 0.030208333333333334 0.019791666666666666
1 0.9729166666666667 0.7104166666666667 0.05 0.05416666666666667