1 0.10104166666666667 0.42604166666666665 0.051041666666666666 0.03958333333333333
1 0.17604166666666668 0.42604166666666665 0.036458333333333336 0.03229166666666667
1 0.728125 0.41770833333333335 0.06041666666666667 0.034375
1 0.5958333333333333 0.42291666666666666 0.059375 0.03125
1 0.8458333333333333 0.4270833333333333 0.06666666666666667 0.03854166666666667
1 0.30833333333333335 0.40729166666666666 0.05416666666666667 0.036458333333333336
1 0.7895833333333333 0.4 0.03125 0.03333333333333333
1 0.9864583333333333 0.41354166666666664 0.023958333333333335 0.036458333333333336
1 0.9666666666666667 0.4114583333333333 0.03333333333333333 0.0375
1 0.91875 0.40729166666666666 0.052083333333333336 0.03333333333333333
1 0.8291666666666667 0.41354166666666664 0.046875 0.035416666666666666
1 0.20208333333333334 0.40520833333333334 0.034375 0.025
3 0.18333333333333332 0.3729166666666667 0.075 0.07083333333333333
1 0.815625 0.4010416666666667 0.04895833333333333 0.030208333333333334