1 0.39479166666666665 0.65625 0.17083333333333334 0.09479166666666666
1 0.8083333333333333 0.6083333333333333 0.084375 0.041666666666666664
0 0.6072916666666667 0.5541666666666667 0.09583333333333334 0.05
1 0.8604166666666667 0.6052083333333333 0.07291666666666667 0.040625
1 0.7354166666666667 0.578125 0.03854166666666667 0.020833333333333332
1 0.6864583333333333 0.575 0.03958333333333333 0.023958333333333335
1 0.5375 0.5854166666666667 0.052083333333333336 0.0375
1 0.7958333333333333 0.5760416666666667 0.04791666666666667 0.028125
1 0.9302083333333333 0.5864583333333333 0.059375 0.028125
3 0.5708333333333333 0.58125 0.052083333333333336 0.03958333333333333
1 0.9791666666666666 0.5895833333333333 0.0375 0.030208333333333334