2 0.440625 0.48333333333333334 0.8635416666666667 0.9614583333333333
3 0.309375 0.3458333333333333 0.053125 0.057291666666666664
1 0.05625 0.3875 0.11145833333333334 0.19270833333333334
1 0.9270833333333334 0.3302083333333333 0.14375 0.14166666666666666
1 0.740625 0.32916666666666666 0.07083333333333333 0.06979166666666667
1 0.8697916666666666 0.3145833333333333 0.08020833333333334 0.08645833333333333
1 0.353125 0.35208333333333336 0.057291666666666664 0.051041666666666666
1 0.27708333333333335 0.35104166666666664 0.03333333333333333 0.052083333333333336
1 0.20833333333333334 0.3489583333333333 0.06458333333333334 0.06458333333333334
1 0.15104166666666666 0.3541666666666667 0.03958333333333333 0.03854166666666667
1 0.11145833333333334 0.35833333333333334 0.03854166666666667 0.03958333333333333
1 0.25416666666666665 0.3572916666666667 0.03125 0.03958333333333333
1 0.40625 0.3489583333333333 0.06458333333333334 0.06041666666666667
1 0.78125 0.32708333333333334 0.10729166666666666 0.07083333333333333