1 0.7760416666666666 0.9416666666666667 0.07291666666666667 0.058333333333333334
1 0.85625 0.9270833333333334 0.036458333333333336 0.035416666666666666
1 0.45729166666666665 0.9125 0.007291666666666667 0.010416666666666666
1 0.496875 0.9104166666666667 0.01875 0.017708333333333333
3 0.94375 0.903125 0.05520833333333333 0.08645833333333333
1 0.46979166666666666 0.9104166666666667 0.015625 0.0125
3 0.9010416666666666 0.9052083333333333 0.034375 0.06458333333333334
3 0.37604166666666666 0.9072916666666667 0.03854166666666667 0.023958333333333335
3 0.3125 0.9010416666666666 0.027083333333333334 0.010416666666666666
1 0.10104166666666667 0.9302083333333333 0.20208333333333334 0.12708333333333333
1 0.44166666666666665 0.9083333333333333 0.025 0.020833333333333332
1 0.9760416666666667 0.925 0.011458333333333333 0.011458333333333333