1 0.71875 0.22291666666666668 0.35 0.21770833333333334
1 0.5614583333333333 0.11979166666666667 0.121875 0.10520833333333333
1 0.89375 0.10833333333333334 0.18541666666666667 0.14375
1 0.8302083333333333 0.10625 0.09583333333333334 0.11979166666666667
2 0.6885416666666667 0.6791666666666667 0.621875 0.6354166666666666
2 0.365625 0.30416666666666664 0.13854166666666667 0.26458333333333334
2 0.525 0.3145833333333333 0.16770833333333332 0.20625
2 0.9083333333333333 0.22604166666666667 0.06770833333333333 0.14791666666666667
1 0.34479166666666666 0.20729166666666668 0.2708333333333333 0.25833333333333336
3 0.34270833333333334 0.20416666666666666 0.2677083333333333 0.27708333333333335
2 0.94375 0.3489583333333333 0.10833333333333334 0.38125
3 0.715625 0.1 0.25104166666666666 0.1125