1 0.34270833333333334 0.6427083333333333 0.04895833333333333 0.03958333333333333
0 0.5583333333333333 0.615625 0.175 0.171875
1 0.36041666666666666 0.6166666666666667 0.020833333333333332 0.019791666666666666
1 0.321875 0.625 0.023958333333333335 0.03125
1 0.31979166666666664 0.6010416666666667 0.021875 0.015625
1 0.35520833333333335 0.609375 0.023958333333333335 0.019791666666666666
1 0.2635416666666667 0.5979166666666667 0.007291666666666667 0.0125
1 0.2760416666666667 0.5989583333333334 0.028125 0.020833333333333332
1 0.3072916666666667 0.61875 0.017708333333333333 0.019791666666666666
1 0.34270833333333334 0.6072916666666667 0.015625 0.019791666666666666
1 0.28229166666666666 0.6072916666666667 0.020833333333333332 0.017708333333333333