1 0.8104166666666667 0.290625 0.06666666666666667 0.053125
1 0.55 0.290625 0.09583333333333334 0.051041666666666666
1 0.20833333333333334 0.3020833333333333 0.034375 0.051041666666666666
1 0.5583333333333333 0.29270833333333335 0.075 0.04583333333333333
1 0.27708333333333335 0.284375 0.07916666666666666 0.04479166666666667
1 0.6614583333333334 0.30520833333333336 0.07604166666666666 0.058333333333333334
1 0.5177083333333333 0.2916666666666667 0.06666666666666667 0.04791666666666667
1 0.31666666666666665 0.30104166666666665 0.058333333333333334 0.04895833333333333
1 0.665625 0.26979166666666665 0.04895833333333333 0.026041666666666668
1 0.39166666666666666 0.303125 0.025 0.022916666666666665
1 0.15625 0.29375 0.03229166666666667 0.029166666666666667
3 0.396875 0.2916666666666667 0.10416666666666667 0.06666666666666667
3 0.7541666666666667 0.28020833333333334 0.05625 0.06354166666666666
1 0.12083333333333333 0.2989583333333333 0.059375 0.030208333333333334
1 0.39479166666666665 0.2864583333333333 0.7854166666666667 0.075