1 0.971875 0.43854166666666666 0.053125 0.08229166666666667
1 0.28854166666666664 0.43333333333333335 0.028125 0.029166666666666667
1 0.24375 0.428125 0.0625 0.03125
1 0.15625 0.4239583333333333 0.042708333333333334 0.03229166666666667
1 0.09895833333333333 0.415625 0.04895833333333333 0.03854166666666667
1 0.06041666666666667 0.42083333333333334 0.030208333333333334 0.022916666666666665
1 0.5885416666666666 0.434375 0.09583333333333334 0.04583333333333333
1 0.01875 0.41875 0.036458333333333336 0.03229166666666667
1 0.030208333333333334 0.4166666666666667 0.03125 0.028125
3 0.41770833333333335 0.41875 0.08125 0.06145833333333333
3 0.3229166666666667 0.4239583333333333 0.04895833333333333 0.04895833333333333