2 0.20416666666666666 0.66875 0.27395833333333336 0.3
2 0.38645833333333335 0.79375 0.24895833333333334 0.38333333333333336
2 0.42916666666666664 0.678125 0.26979166666666665 0.18958333333333333
2 0.3885416666666667 0.5333333333333333 0.09166666666666666 0.11770833333333333
2 0.925 0.4875 0.146875 0.2
2 0.975 0.53125 0.04895833333333333 0.15729166666666666
2 0.746875 0.4552083333333333 0.13541666666666666 0.16041666666666668
2 0.13958333333333334 0.5729166666666666 0.15104166666666666 0.2760416666666667
2 0.621875 0.41458333333333336 0.14166666666666666 0.16979166666666667
2 0.584375 0.8145833333333333 0.3302083333333333 0.35104166666666664
2 0.7479166666666667 0.8541666666666666 0.5020833333333333 0.2875
2 0.5895833333333333 0.36041666666666666 0.051041666666666666 0.065625
2 0.865625 0.45625 0.15416666666666667 0.22291666666666668
2 0.4864583333333333 0.6541666666666667 0.9708333333333333 0.6875