1 0.8072916666666666 0.7270833333333333 0.38333333333333336 0.44166666666666665
1 0.47604166666666664 0.4270833333333333 0.078125 0.035416666666666666
1 0.928125 0.5 0.140625 0.1
1 0.178125 0.4354166666666667 0.0875 0.04479166666666667
1 0.04583333333333333 0.4510416666666667 0.065625 0.051041666666666666
1 0.021875 0.43125 0.04375 0.05
1 0.259375 0.42083333333333334 0.023958333333333335 0.04791666666666667
1 0.809375 0.425 0.0625 0.03125
1 0.5645833333333333 0.5739583333333333 0.27395833333333336 0.2552083333333333
1 0.6395833333333333 0.42604166666666665 0.05625 0.030208333333333334
1 0.35 0.42916666666666664 0.071875 0.03333333333333333