2 0.6322916666666667 0.7927083333333333 0.1375 0.321875
2 0.4270833333333333 0.8104166666666667 0.22291666666666668 0.30104166666666665
2 0.24895833333333334 0.809375 0.22916666666666666 0.25625
2 0.875 0.8052083333333333 0.24895833333333334 0.315625
2 0.13958333333333334 0.715625 0.13854166666666667 0.14270833333333333
2 0.5416666666666666 0.6916666666666667 0.071875 0.21354166666666666
2 0.703125 0.6520833333333333 0.041666666666666664 0.09791666666666667
2 0.265625 0.6604166666666667 0.146875 0.11145833333333334
2 0.6541666666666667 0.6604166666666667 0.08958333333333333 0.08645833333333333
2 0.9604166666666667 0.7 0.075 0.125
2 0.3802083333333333 0.58125 0.025 0.019791666666666666
2 0.25625 0.5979166666666667 0.03125 0.04375
2 0.052083333333333336 0.7822916666666667 0.10416666666666667 0.24375
2 0.5 0.66875 0.9958333333333333 0.24375