1 0.6208333333333333 0.74375 0.16354166666666667 0.0875
1 0.05520833333333333 0.9447916666666667 0.11041666666666666 0.10520833333333333
1 0.528125 0.675 0.06041666666666667 0.065625
1 0.41354166666666664 0.5979166666666667 0.029166666666666667 0.0375
1 0.596875 0.6520833333333333 0.05416666666666667 0.03125
1 0.265625 0.571875 0.03854166666666667 0.041666666666666664
1 0.4666666666666667 0.48333333333333334 0.014583333333333334 0.021875
1 0.54375 0.5979166666666667 0.036458333333333336 0.04375
1 0.5208333333333334 0.6322916666666667 0.042708333333333334 0.027083333333333334
1 0.41875 0.646875 0.01875 0.05520833333333333
1 0.23229166666666667 0.58125 0.03125 0.04479166666666667
3 0.103125 0.8552083333333333 0.125 0.16770833333333332