1 0.9364583333333333 0.6239583333333333 0.06354166666666666 0.09375
1 0.89375 0.6375 0.06041666666666667 0.08333333333333333
1 0.525 0.32395833333333335 0.06979166666666667 0.07604166666666666
2 0.2875 0.5114583333333333 0.04375 0.04375
0 0.8010416666666667 0.29375 0.10208333333333333 0.16666666666666666
2 0.35520833333333335 0.4010416666666667 0.040625 0.05520833333333333
2 0.803125 0.565625 0.04791666666666667 0.05520833333333333
2 0.7802083333333333 0.5427083333333333 0.036458333333333336 0.04479166666666667
2 0.7322916666666667 0.47708333333333336 0.040625 0.042708333333333334
2 0.1625 0.7104166666666667 0.04583333333333333 0.06041666666666667
2 0.18541666666666667 0.6541666666666667 0.05 0.065625
2 0.5583333333333333 0.5552083333333333 0.022916666666666665 0.046875
2 0.6229166666666667 0.47708333333333336 0.022916666666666665 0.059375
2 0.7635416666666667 0.5135416666666667 0.040625 0.05416666666666667
2 0.5416666666666666 0.5010416666666667 0.025 0.041666666666666664
2 0.38229166666666664 0.5447916666666667 0.017708333333333333 0.05
3 0.9427083333333334 0.6958333333333333 0.040625 0.06041666666666667
2 0.3614583333333333 0.50625 0.015625 0.057291666666666664
2 0.534375 0.6041666666666666 0.928125 0.5166666666666667