2 0.534375 0.5604166666666667 0.6385416666666667 0.721875
2 0.36770833333333336 0.48020833333333335 0.43854166666666666 0.5354166666666667
2 0.28854166666666664 0.34270833333333334 0.34791666666666665 0.365625
2 0.18229166666666666 0.4270833333333333 0.24895833333333334 0.24270833333333333
2 0.125 0.334375 0.146875 0.171875
2 0.6802083333333333 0.2916666666666667 0.209375 0.21041666666666667
2 0.484375 0.190625 0.07604166666666666 0.075
2 0.23020833333333332 0.27291666666666664 0.228125 0.21875
2 0.1125 0.29270833333333335 0.21041666666666667 0.23229166666666667
2 0.771875 0.6666666666666666 0.453125 0.6614583333333334
2 0.15520833333333334 0.19791666666666666 0.03958333333333333 0.05625
2 0.11145833333333334 0.18229166666666666 0.04791666666666667 0.096875
2 0.375 0.209375 0.046875 0.07708333333333334