1 0.9458333333333333 0.9302083333333333 0.08229166666666667 0.04583333333333333
1 0.778125 0.9125 0.03333333333333333 0.034375
1 0.871875 0.91875 0.057291666666666664 0.04479166666666667
3 0.37916666666666665 0.9166666666666666 0.014583333333333334 0.03958333333333333
1 0.8333333333333334 0.925 0.023958333333333335 0.03333333333333333
1 0.45 0.91875 0.04479166666666667 0.029166666666666667
1 0.5052083333333334 0.9208333333333333 0.036458333333333336 0.023958333333333335
1 0.5229166666666667 0.9197916666666667 0.021875 0.029166666666666667
1 0.9260416666666667 0.9177083333333333 0.058333333333333334 0.030208333333333334
1 0.9010416666666666 0.9197916666666667 0.065625 0.04479166666666667
1 0.453125 0.9260416666666667 0.026041666666666668 0.017708333333333333
1 0.975 0.9375 0.04583333333333333 0.04375