2 0.41458333333333336 0.628125 0.8229166666666666 0.7208333333333333
2 0.5604166666666667 0.56875 0.8770833333333333 0.8479166666666667
2 0.465625 0.20625 0.44479166666666664 0.18854166666666666
2 0.32395833333333335 0.052083333333333336 0.240625 0.08125
2 0.3614583333333333 0.16145833333333334 0.440625 0.284375
2 0.9604166666666667 0.4 0.075 0.425
2 0.9291666666666667 0.22916666666666666 0.13020833333333334 0.28958333333333336
2 0.096875 0.18645833333333334 0.18541666666666667 0.35104166666666664
2 0.5291666666666667 0.06770833333333333 0.2375 0.13541666666666666
2 0.8791666666666667 0.49583333333333335 0.21145833333333333 0.3145833333333333
2 0.740625 0.12291666666666666 0.15729166666666666 0.153125
2 0.34270833333333334 0.090625 0.30520833333333336 0.07604166666666666