1 0.17291666666666666 0.7302083333333333 0.25833333333333336 0.12083333333333333
1 0.6072916666666667 0.6802083333333333 0.04791666666666667 0.052083333333333336
1 0.578125 0.6760416666666667 0.034375 0.04895833333333333
1 0.096875 0.6802083333333333 0.05625 0.030208333333333334
3 0.42291666666666666 0.6760416666666667 0.071875 0.08645833333333333
3 0.26666666666666666 0.6833333333333333 0.06875 0.065625
3 0.48541666666666666 0.678125 0.03958333333333333 0.05520833333333333
1 0.33229166666666665 0.671875 0.03854166666666667 0.013541666666666667
1 0.37604166666666666 0.7 0.078125 0.08645833333333333
1 0.14375 0.6708333333333333 0.025 0.01875
1 0.6645833333333333 0.6614583333333334 0.016666666666666666 0.014583333333333334
1 0.46145833333333336 0.678125 0.011458333333333333 0.029166666666666667
3 0.5770833333333333 0.6760416666666667 0.030208333333333334 0.04375
1 0.8947916666666667 0.6447916666666667 0.019791666666666666 0.022916666666666665