0 0.346875 0.45416666666666666 0.05520833333333333 0.07708333333333334
1 0.059375 0.5458333333333333 0.11770833333333333 0.12916666666666668
1 0.13854166666666667 0.5260416666666666 0.04791666666666667 0.06770833333333333
1 0.6604166666666667 0.6354166666666666 0.675 0.25104166666666666
1 0.30104166666666665 0.49583333333333335 0.03229166666666667 0.036458333333333336
1 0.31354166666666666 0.49166666666666664 0.025 0.036458333333333336
1 0.16979166666666667 0.521875 0.035416666666666666 0.06041666666666667
1 0.196875 0.5197916666666667 0.034375 0.059375
1 0.11666666666666667 0.5270833333333333 0.028125 0.07395833333333333
1 0.209375 0.5104166666666666 0.04479166666666667 0.06145833333333333
1 0.240625 0.5125 0.023958333333333335 0.05
1 0.4125 0.48020833333333335 0.026041666666666668 0.017708333333333333
1 0.2552083333333333 0.5104166666666666 0.021875 0.046875
1 0.4479166666666667 0.4947916666666667 0.03958333333333333 0.051041666666666666