1 0.265625 0.6989583333333333 0.26875 0.21770833333333334
1 0.96875 0.8041666666666667 0.058333333333333334 0.30416666666666664
1 0.9270833333333334 0.646875 0.040625 0.09583333333333334
1 0.9635416666666666 0.6583333333333333 0.07083333333333333 0.15208333333333332
1 0.9229166666666667 0.634375 0.040625 0.0875
1 0.403125 0.66875 0.04479166666666667 0.08645833333333333
3 0.48125 0.37083333333333335 0.35104166666666664 0.7385416666666667
1 0.9041666666666667 0.6166666666666667 0.029166666666666667 0.06666666666666667
3 0.6364583333333333 0.32708333333333334 0.3625 0.6541666666666667
3 0.6760416666666667 0.5979166666666667 0.059375 0.103125
3 0.17916666666666667 0.6333333333333333 0.07395833333333333 0.07916666666666666
3 0.08229166666666667 0.6885416666666667 0.15625 0.4375
1 0.95 0.7291666666666666 0.019791666666666666 0.0875