2 0.3958333333333333 0.5614583333333333 0.008333333333333333 0.014583333333333334
0 0.6104166666666667 0.6864583333333333 0.057291666666666664 0.07395833333333333
0 0.203125 0.40208333333333335 0.059375 0.065625
2 0.365625 0.5802083333333333 0.00625 0.0125
0 0.31145833333333334 0.196875 0.034375 0.036458333333333336
1 0.6947916666666667 0.9114583333333334 0.027083333333333334 0.042708333333333334
1 0.8354166666666667 0.6208333333333333 0.046875 0.027083333333333334
0 0.625 0.6333333333333333 0.05416666666666667 0.07708333333333334
1 0.7072916666666667 0.8114583333333333 0.028125 0.035416666666666666
1 0.6854166666666667 0.753125 0.026041666666666668 0.03229166666666667
1 0.6708333333333333 0.7125 0.027083333333333334 0.0375
1 0.6864583333333333 0.684375 0.021875 0.03229166666666667
1 0.65625 0.85 0.023958333333333335 0.03125
1 0.6552083333333333 0.8885416666666667 0.030208333333333334 0.034375
1 0.503125 0.5 0.022916666666666665 0.025
1 0.5177083333333333 0.5145833333333333 0.025 0.03229166666666667
1 0.5447916666666667 0.49895833333333334 0.022916666666666665 0.03125
1 0.5625 0.5166666666666667 0.022916666666666665 0.028125
2 0.6760416666666667 0.7927083333333333 0.009375 0.021875
2 0.7885416666666667 0.9166666666666666 0.0125 0.021875
2 0.6822916666666666 0.8270833333333333 0.010416666666666666 0.020833333333333332
2 0.8770833333333333 0.7041666666666667 0.011458333333333333 0.021875
2 0.6489583333333333 0.7270833333333333 0.015625 0.023958333333333335
2 0.703125 0.675 0.009375 0.015625
2 0.14583333333333334 0.190625 0.00625 0.0125
2 0.284375 0.19479166666666667 0.003125 0.00625
2 0.35 0.11875 0.00625 0.014583333333333334
0 0.5447916666666667 0.5822916666666667 0.040625 0.06875
3 0.45 0.6520833333333333 0.027083333333333334 0.030208333333333334
1 0.7 0.784375 0.029166666666666667 0.035416666666666666
1 0.5479166666666667 0.5010416666666667 0.8895833333333333 0.99375