1 0.7354166666666667 0.12604166666666666 0.20416666666666666 0.21666666666666667
1 0.9416666666666667 0.13645833333333332 0.1125 0.22708333333333333
1 0.503125 0.11770833333333333 0.19895833333333332 0.19895833333333332
1 0.8260416666666667 0.06666666666666667 0.057291666666666664 0.08854166666666667
1 0.8697916666666666 0.053125 0.04895833333333333 0.06875
1 0.5979166666666667 0.06145833333333333 0.05625 0.09166666666666666
1 0.6239583333333333 0.052083333333333336 0.027083333333333334 0.052083333333333336
1 0.35520833333333335 0.115625 0.13229166666666667 0.17604166666666668
1 0.027083333333333334 0.11666666666666667 0.05416666666666667 0.14166666666666666
1 0.47291666666666665 0.04895833333333333 0.10833333333333334 0.09791666666666667
1 0.030208333333333334 0.046875 0.059375 0.07083333333333333
1 0.9072916666666667 0.06875 0.059375 0.08020833333333334