1 0.2791666666666667 0.546875 0.059375 0.026041666666666668
1 0.50625 0.5645833333333333 0.23333333333333334 0.07291666666666667
1 0.5802083333333333 0.565625 0.175 0.051041666666666666
1 0.6489583333333333 0.565625 0.13541666666666666 0.053125
1 0.051041666666666666 0.5427083333333333 0.10208333333333333 0.052083333333333336
1 0.7052083333333333 0.5697916666666667 0.090625 0.036458333333333336
1 0.40625 0.571875 0.11041666666666666 0.057291666666666664
1 0.296875 0.5729166666666666 0.06875 0.05
1 0.025 0.5260416666666666 0.05 0.015625
1 0.7260416666666667 0.5635416666666667 0.07083333333333333 0.04479166666666667
1 0.3177083333333333 0.5458333333333333 0.028125 0.011458333333333333