1 0.7572916666666667 0.734375 0.4708333333333333 0.48541666666666666
1 0.5885416666666666 0.5354166666666667 0.15625 0.06979166666666667
1 0.434375 0.5322916666666667 0.14166666666666666 0.057291666666666664
1 0.7520833333333333 0.5416666666666666 0.15208333333333332 0.075
1 0.23958333333333334 0.5229166666666667 0.06458333333333334 0.04791666666666667
1 0.12916666666666668 0.5197916666666667 0.0625 0.04583333333333333
1 0.15416666666666667 0.6166666666666667 0.2760416666666667 0.2760416666666667
1 0.30520833333333336 0.528125 0.06875 0.051041666666666666
1 0.09479166666666666 0.5125 0.03125 0.021875
1 0.471875 0.5135416666666667 0.03854166666666667 0.01875
1 0.51875 0.5239583333333333 0.042708333333333334 0.042708333333333334
1 0.6864583333333333 0.5145833333333333 0.030208333333333334 0.019791666666666666