1 0.3854166666666667 0.384375 0.06354166666666666 0.05625
1 0.28020833333333334 0.275 0.03854166666666667 0.058333333333333334
1 0.353125 0.2833333333333333 0.034375 0.03958333333333333
1 0.28541666666666665 0.184375 0.027083333333333334 0.036458333333333336
1 0.5083333333333333 0.3625 0.271875 0.22604166666666667
2 0.12291666666666666 0.38229166666666664 0.08333333333333333 0.06145833333333333
1 0.19583333333333333 0.16145833333333334 0.022916666666666665 0.029166666666666667
1 0.321875 0.24791666666666667 0.040625 0.059375
1 0.13541666666666666 0.32916666666666666 0.07083333333333333 0.09583333333333334
1 0.378125 0.30625 0.05416666666666667 0.06875
1 0.303125 0.23333333333333334 0.028125 0.041666666666666664
1 0.296875 0.21875 0.029166666666666667 0.03333333333333333
1 0.24166666666666667 0.203125 0.029166666666666667 0.034375
1 0.13541666666666666 0.23229166666666667 0.040625 0.096875