1 0.9583333333333334 0.49583333333333335 0.08125 0.18333333333333332
1 0.5166666666666667 0.5041666666666667 0.109375 0.078125
1 0.6104166666666667 0.4875 0.10729166666666666 0.12708333333333333
1 0.7020833333333333 0.496875 0.121875 0.12395833333333334
1 0.8427083333333333 0.4864583333333333 0.18645833333333334 0.16145833333333334
1 0.3770833333333333 0.4947916666666667 0.08958333333333333 0.052083333333333336
1 0.30625 0.5010416666666667 0.08333333333333333 0.05625
1 0.465625 0.49583333333333335 0.09375 0.08333333333333333
1 0.33125 0.5010416666666667 0.041666666666666664 0.04479166666666667
1 0.18541666666666667 0.49895833333333334 0.03854166666666667 0.046875
1 0.034375 0.5364583333333334 0.06770833333333333 0.125
1 0.16145833333333334 0.5010416666666667 0.03333333333333333 0.042708333333333334