1 0.6520833333333333 0.8697916666666666 0.028125 0.0125
1 0.48541666666666666 0.8375 0.021875 0.010416666666666666
1 0.5 0.8333333333333334 0.019791666666666666 0.014583333333333334
1 0.934375 0.8489583333333334 0.017708333333333333 0.013541666666666667
1 0.8479166666666667 0.85 0.026041666666666668 0.015625
3 0.26458333333333334 0.9645833333333333 0.075 0.03958333333333333
1 0.6989583333333333 0.8114583333333333 0.008333333333333333 0.011458333333333333
1 0.6052083333333333 0.85 0.0125 0.016666666666666666
0 0.6854166666666667 0.8510416666666667 0.029166666666666667 0.04583333333333333
3 0.3572916666666667 0.95 0.08020833333333334 0.04791666666666667
3 0.8947916666666667 0.8697916666666666 0.020833333333333332 0.03229166666666667
3 0.9197916666666667 0.8729166666666667 0.023958333333333335 0.03854166666666667
1 0.5354166666666667 0.86875 0.025 0.010416666666666666
1 0.47708333333333336 0.8552083333333333 0.011458333333333333 0.019791666666666666
1 0.48333333333333334 0.84375 0.013541666666666667 0.009375
1 0.8072916666666666 0.8697916666666666 0.022916666666666665 0.015625
3 0.8645833333333334 0.86875 0.035416666666666666 0.041666666666666664
1 0.6260416666666667 0.8114583333333333 0.008333333333333333 0.015625
3 0.7447916666666666 0.8416666666666667 0.01875 0.025
3 0.6854166666666667 0.8510416666666667 0.028125 0.04375
3 0.60625 0.8489583333333334 0.0125 0.015625
1 0.7166666666666667 0.8447916666666667 0.5645833333333333 0.11041666666666666