1 0.63125 0.4 0.06458333333333334 0.059375
1 0.71875 0.4010416666666667 0.017708333333333333 0.042708333333333334
1 0.86875 0.39479166666666665 0.075 0.052083333333333336
0 0.38958333333333334 0.36354166666666665 0.2552083333333333 0.08958333333333333
1 0.0375 0.41041666666666665 0.07395833333333333 0.06145833333333333
1 0.075 0.39166666666666666 0.041666666666666664 0.03229166666666667
1 0.10625 0.41041666666666665 0.03854166666666667 0.058333333333333334
1 0.60625 0.3614583333333333 0.01875 0.013541666666666667
1 0.9427083333333334 0.40729166666666666 0.022916666666666665 0.07395833333333333
1 0.7270833333333333 0.35 0.027083333333333334 0.020833333333333332
1 0.17291666666666666 0.38333333333333336 0.035416666666666666 0.016666666666666666