1 0.55625 0.6958333333333333 0.090625 0.10416666666666667
1 0.95 0.8979166666666667 0.09583333333333334 0.2
1 0.32395833333333335 0.6614583333333334 0.10416666666666667 0.08541666666666667
1 0.653125 0.675 0.04895833333333333 0.06770833333333333
1 0.9260416666666667 0.7958333333333333 0.14375 0.16666666666666666
1 0.7020833333333333 0.6510416666666666 0.022916666666666665 0.03125
1 0.9166666666666666 0.7104166666666667 0.140625 0.125
1 0.5177083333333333 0.65 0.06666666666666667 0.06979166666666667
0 0.140625 0.6125 0.278125 0.7395833333333334
1 0.7833333333333333 0.64375 0.010416666666666666 0.013541666666666667
1 0.8458333333333333 0.7010416666666667 0.035416666666666666 0.07083333333333333
1 0.8166666666666667 0.653125 0.03125 0.029166666666666667
1 0.6552083333333333 0.6354166666666666 0.023958333333333335 0.017708333333333333
1 0.8697916666666666 0.6802083333333333 0.11458333333333333 0.08958333333333333
1 0.4875 0.6239583333333333 0.059375 0.06145833333333333