1 0.33229166666666665 0.9447916666666667 0.2 0.10416666666666667
1 0.128125 0.9416666666666667 0.20104166666666667 0.07604166666666666
1 0.6739583333333333 0.8822916666666667 0.04791666666666667 0.040625
1 0.253125 0.8947916666666667 0.07395833333333333 0.09166666666666666
1 0.38958333333333334 0.8947916666666667 0.04895833333333333 0.051041666666666666
1 0.43854166666666666 0.9083333333333333 0.014583333333333334 0.058333333333333334
1 0.4666666666666667 0.915625 0.057291666666666664 0.09479166666666666
1 0.7666666666666667 0.9010416666666666 0.06041666666666667 0.052083333333333336
1 0.9041666666666667 0.9239583333333333 0.14270833333333333 0.05416666666666667
1 0.6645833333333333 0.9427083333333334 0.13020833333333334 0.09270833333333334
1 0.5541666666666667 0.9072916666666667 0.06145833333333333 0.04791666666666667
1 0.7854166666666667 0.93125 0.075 0.08541666666666667
1 0.03958333333333333 0.9677083333333333 0.07916666666666666 0.06041666666666667
1 0.7072916666666667 0.9010416666666666 0.5822916666666667 0.14791666666666667