1 0.8489583333333334 0.40729166666666666 0.15416666666666667 0.346875
3 0.30520833333333336 0.459375 0.20208333333333334 0.346875
1 0.5614583333333333 0.459375 0.15833333333333333 0.3416666666666667
3 0.6729166666666667 0.5739583333333333 0.3 0.43645833333333334
1 0.46458333333333335 0.7864583333333334 0.43333333333333335 0.421875
1 0.5104166666666666 0.09583333333333334 0.10833333333333334 0.19166666666666668
1 0.7072916666666667 0.09895833333333333 0.10208333333333333 0.18645833333333334
3 0.84375 0.1375 0.115625 0.225
1 0.6166666666666667 0.178125 0.11875 0.18333333333333332
3 0.32083333333333336 0.21354166666666666 0.2520833333333333 0.3885416666666667
1 0.6520833333333333 0.24479166666666666 0.140625 0.121875