0 0.3729166666666667 0.34479166666666666 0.18229166666666666 0.278125
1 0.8864583333333333 0.35104166666666664 0.06875 0.11458333333333333
1 0.7833333333333333 0.3625 0.08020833333333334 0.12708333333333333
0 0.5239583333333333 0.36875 0.08854166666666667 0.15104166666666666
1 0.6447916666666667 0.3927083333333333 0.075 0.12395833333333334
1 0.7802083333333333 0.47291666666666665 0.09375 0.14791666666666667
1 0.5989583333333334 0.496875 0.09166666666666666 0.11770833333333333
0 0.21354166666666666 0.5166666666666667 0.2625 0.40520833333333334
1 0.9083333333333333 0.5208333333333334 0.090625 0.171875
1 0.440625 0.54375 0.12083333333333333 0.18125
2 0.8208333333333333 0.5697916666666667 0.03229166666666667 0.08125
1 0.74375 0.6104166666666667 0.10520833333333333 0.16875
1 0.94375 0.6333333333333333 0.109375 0.23229166666666667
2 0.8427083333333333 0.6677083333333333 0.03854166666666667 0.103125
1 0.359375 0.7052083333333333 0.14166666666666666 0.190625
0 0.5302083333333333 0.73125 0.15 0.271875
1 0.9583333333333334 0.8479166666666667 0.07916666666666666 0.23229166666666667
1 0.7166666666666667 0.878125 0.17083333333333334 0.23854166666666668
1 0.478125 0.8833333333333333 0.17708333333333334 0.22708333333333333
1 0.05 0.9020833333333333 0.1 0.190625
1 0.234375 0.9125 0.19583333333333333 0.16875
0 0.5489583333333333 0.14375 0.07291666666666667 0.13645833333333332
0 0.6666666666666666 0.1875 0.075 0.15104166666666666
0 0.453125 0.2520833333333333 0.12708333333333333 0.22083333333333333
1 0.8614583333333333 0.25729166666666664 0.065625 0.12083333333333333
1 0.5666666666666667 0.275 0.06875 0.084375