3 0.65625 0.340625 0.39791666666666664 0.39791666666666664
2 0.06354166666666666 0.353125 0.12708333333333333 0.27291666666666664
1 0.9041666666666667 0.353125 0.18854166666666666 0.203125
2 0.12604166666666666 0.5239583333333333 0.15729166666666666 0.32708333333333334
2 0.7364583333333333 0.5677083333333334 0.23125 0.22916666666666666
1 0.9447916666666667 0.6020833333333333 0.109375 0.378125
2 0.196875 0.640625 0.17708333333333334 0.346875
2 0.28854166666666664 0.7989583333333333 0.21145833333333333 0.38333333333333336
1 0.06458333333333334 0.08541666666666667 0.12916666666666668 0.17083333333333334
1 0.4114583333333333 0.13229166666666667 0.225 0.2635416666666667
3 0.746875 0.13958333333333334 0.34791666666666665 0.278125
3 0.23958333333333334 0.16666666666666666 0.29583333333333334 0.33229166666666665